""	baseMean	log2FoldChange	lfcSE	pvalue	padj
MT-ND3	192.719566706211	-0.591345697406806	0.127032779882561	1.54587833990825e-07	0.000106356429785688
RPL35	73.2387566438134	-0.271309955053749	0.0595399394504168	4.04384314991378e-07	0.000139108204357034
TRAF3IP3	13.0089941693761	-0.475227939315932	0.111693359705921	9.60561893084958e-07	0.00022028886081415
RPS27	353.595308146007	-0.243275939005234	0.0615675272976107	7.54256019790582e-06	0.00104077958967624
MT-ND4L	206.788906044038	-0.304049763040171	0.0785368704771103	7.56380515753082e-06	0.00104077958967624
PPP3CC	7.64418501807473	0.517902763008349	0.14883649509318	2.70302281657247e-05	0.00309946616300309
DAZAP2	19.0899821264092	0.312222128757784	0.0981161470288954	0.00010059172348847	0.00988672939429537
MT-CO3	312.179525916146	-0.283512212062746	0.0895324942288662	0.000115402691636908	0.0099246314807741
CHCHD2	22.7058392650681	0.279136857892368	0.0902027441389524	0.000150783100681886	0.0115265303632375
PPDPF	32.2328468242371	0.267146170840173	0.088082246546082	0.000172998157500327	0.0119022732360225
MT-ND1	102.716148770539	-0.288825878544352	0.0971811329783183	0.000193356448835548	0.0120935669817143
YBX1	26.7988366031088	0.281250448280374	0.0958315535799617	0.000228195380190091	0.0130832017975652
LITAF	26.1038921025551	0.266034102985921	0.0940075553046365	0.000347047060525033	0.0152198234575249
MATK	9.34361405968359	0.3892579886912	0.144616344549471	0.000353949382733137	0.0152198234575249
MT-CO2	519.443908354138	-0.251790009079365	0.0889007669549756	0.000325467893143129	0.0152198234575249
MT-ND5	109.064473379239	-0.247614779181478	0.0878339624483813	0.000348990348435281	0.0152198234575249
SLC9A3R1	21.4117561566637	0.316336514775793	0.119074724451006	0.000452305435359402	0.0183050670310158
MT-CYB	237.963111079379	-0.231558329973762	0.0854367249049185	0.000603513550657859	0.023067629047367
ZFP36	25.2889738332538	0.689004835028179	0.301105591805044	0.000643068414189429	0.0232858457348593
SSBP4	7.82984092544307	0.480565607283853	0.210182272524154	0.000881847656621657	0.030335559387785
SF3B1	9.5246418280164	-0.289626939370247	0.124606756057139	0.00105133754076995	0.0344438203833204
RPS24	139.376326453118	-0.165583407184572	0.0623078375517873	0.0011167375823185	0.0349234298470513
ALDOA	7.37792844133605	0.413462645629352	0.194275948040154	0.00140957365747944	0.0416849940015363
FMNL1	8.17528483207643	0.322400992435236	0.146301716271886	0.00145412769772801	0.0416849940015363
RALY	7.32442874778821	0.334742970866752	0.157723635924965	0.00175591955532937	0.0464643328487157
HMGN1	12.3651581836625	0.331638178571438	0.159731238195865	0.00172520953412808	0.0464643328487157
RPS23	165.685529116619	-0.131089113306692	0.0498156267748528	0.00186921930923259	0.0476304772130378
HNRNPA0	9.89644393459871	0.295074100707197	0.144586562337735	0.0020783599990799	0.0481322329864693
HLA-E	65.0808230188402	0.141161738526867	0.0547986072086802	0.00197034941145855	0.0481322329864693
RPL39	199.499743968232	-0.146761505367398	0.0582631370408307	0.00209878922906116	0.0481322329864693
CAPN2	8.71762023101874	0.296827255935146	0.150802737165834	0.00264716087948694	0.0496508641143011
RASSF1	8.89071853384325	0.366954649840606	0.19194965800121	0.00224484877050627	0.0496508641143011
ARF5	9.59985195677378	0.258966150480946	0.127310380665788	0.00267017728521677	0.0496508641143011
PSME1	28.7544823356274	0.168674109075174	0.0716165060595414	0.00257653642269397	0.0496508641143011
FOS	15.0119468613619	0.735252632633103	0.539478186588844	0.00245446950894525	0.0496508641143011
CALR	18.4256720535024	0.268908184475441	0.130233676999497	0.00232128125219594	0.0496508641143011
MT-ATP8	84.2934644070266	-0.533743796388826	0.30036938333106	0.00247422762833051	0.0496508641143011
RIPOR2	9.05871489996849	-0.27381343726903	0.148858932798766	0.00305578185163728	0.0553257345770118
ACTB	368.965868737425	0.201849299160031	0.100348738826171	0.00367944459672658	0.0588711135476252
FTH1	56.4335320468425	0.169156866060871	0.077847242217769	0.00363364484730833	0.0588711135476252
PSAP	7.90455403708871	0.290532752426091	0.158724132680356	0.0034339376580068	0.0588711135476252
GAPDH	59.4009344396185	0.196709394858558	0.0934068912650672	0.00339136187044604	0.0588711135476252
MT-ND2	57.4817683906015	-0.234416128431141	0.124312872412351	0.00365088876195717	0.0588711135476252
UQCRH	11.29757062789	0.232737737893764	0.121927346531915	0.00391113591712448	0.0611559434314009
IER2	14.2399025454513	0.286940439373572	0.1744107159434	0.00422057209267516	0.0645278577724558
UBC	43.7947428041806	0.173581329326035	0.0828198512244373	0.0043966762705164	0.0657589842198975
PABPC1	41.7422881986896	0.221155081296036	0.121961928977231	0.00473965058576458	0.0693804170852347
CALM1	61.0541484349819	0.153017577438736	0.070962249049691	0.00487897513192992	0.0699319768909956
ATM	9.5155439010179	-0.238727261636739	0.163002181249872	0.00632207263850824	0.0887670607202789
RPS14	184.260605357911	-0.145727598441837	0.0709691254428095	0.0066356191244999	0.0904648026227844
MT-ND4	88.0696268578516	-0.209259454609208	0.127593392848357	0.00670596647349129	0.0904648026227844
GZMK	8.42154689628141	-0.0488906391807242	0.100858503700346	0.00751664202320326	0.0994509559993047
CLEC2D	7.40164394946261	-0.259600456221132	0.219433239905635	0.0076902783367555	0.099828518786562
IFITM3	12.7983035331875	-0.320247446246587	0.42075241958892	0.0080725774972222	0.100980605783434
APMAP	11.1092151873314	0.214335646447431	0.138762594909264	0.00795312079050733	0.100980605783434
RBM3	16.0286208538016	0.168468659918141	0.0943698401656937	0.00847804715139103	0.104158865002804
CAPZB	15.0586625521934	0.183859863895783	0.112442522062864	0.00923627855092935	0.111277516317521
SAMD3	8.24852358557094	-0.244381984758453	0.337064524237723	0.00953072336060596	0.111277516317521
ARPC5L	10.8321865065997	0.211702220451166	0.150405020431107	0.00954269398653157	0.111277516317521
CALM3	8.4133407364701	0.219790604912974	0.164165940361759	0.00976459053397341	0.111967304789562
EIF1	83.7435839222691	0.150461463142127	0.0832208672913339	0.0100132687497203	0.112936539341108
ARL6IP4	11.4047446087723	0.197711083066603	0.138059768634745	0.010212440297259	0.113325143943778
RPL21	124.255426145786	-0.123346059335873	0.0618387684663145	0.0104486246345453	0.114105615056622
HLA-A	195.2919642987	0.125180357907818	0.0640400845667507	0.0108480164702665	0.114822082023744
RPL41	393.625223318115	-0.103353500390828	0.0486806845252982	0.010713159510656	0.114822082023744
ETS1	12.8065016002082	-0.175029220274854	0.119289911511759	0.0117834616030259	0.121000322132564
TBX21	8.39878570024442	0.22127438801305	0.212196691003226	0.0117566146550075	0.121000322132564
CNBP	16.573247130916	0.176495433192193	0.124282735057136	0.0126627710160476	0.121177546649353
PRR13	15.5804433142112	0.163022542756958	0.103544213176479	0.0126475908171513	0.121177546649353
N4BP2L2	10.7946253268001	-0.181224553675294	0.139367901260985	0.0123349473598377	0.121177546649353
RPS2	149.142861426023	0.0959018785795007	0.0454014146322336	0.0126813711609788	0.121177546649353
SEPT9	10.3174818571088	0.196085159750852	0.156398357384805	0.0121345680344646	0.121177546649353
ANXA11	7.66316359633971	0.206139364410573	0.18915302955664	0.0128899944247284	0.121483783071413
TOMM7	31.2714293877028	-0.133925803248951	0.0782203986150607	0.0145200160239349	0.133883246762149
GIMAP4	12.4183737353955	-0.187727741146537	0.280271020819223	0.0145948306790133	0.133883246762149
TRBC2	27.0465301615558	0.183184800609815	0.251218403475042	0.014853964942775	0.134467472113542
NCL	17.3454872877742	0.159643044055888	0.111284408729679	0.0151910113292395	0.135732672656062
SF3B2	8.50119030490618	0.181702115166285	0.160228937909101	0.0157830660628168	0.137452524698961
ADGRG1	11.1179831462668	0.167986284133703	0.325308356207319	0.0156242452534708	0.137452524698961
PYHIN1	10.2220749922113	-0.178537651535844	0.188207317900784	0.016109598483802	0.138542546960698
RACK1	67.7349569435325	0.115230483152593	0.0632851502603896	0.0164295975545664	0.139550161944959
ACTG1	83.734065376105	0.140566478223871	0.089021157267734	0.0168179060425345	0.141106333625168
HINT1	21.6047354283968	-0.125082330124241	0.0751519579408746	0.0181980919980659	0.141566818670151
PSMB9	21.1542012621028	0.156025688514512	0.113869991063437	0.0175053603746334	0.141566818670151
SH3BGRL	8.26454731347266	0.175529026774189	0.193334243968003	0.0185189152330139	0.141566818670151
IFITM2	55.063709873283	0.170207770944585	0.156490140488449	0.0173111064550943	0.141566818670151
RPS25	120.023352446155	-0.112730519703919	0.0625307129130475	0.0180267836008885	0.141566818670151
RPS29	78.627264694926	-0.151167791149305	0.111498602276844	0.0177186232377368	0.141566818670151
UBE2I	7.52931822742702	0.17687744496936	0.176198463084081	0.017448089742326	0.141566818670151
KLF2	36.8335720249767	0.163979810837673	0.162351000853397	0.0184932382294588	0.141566818670151
ARL4C	14.112318053116	-0.148598996143866	0.115620242430536	0.0198931803473948	0.145601149776677
UQCRB	24.74177016651	-0.136626506386727	0.0908843348259216	0.0193946143158813	0.145601149776677
ARRB2	7.28567315497758	0.166744828605714	0.16415828115481	0.0197725383114349	0.145601149776677
ITGB2	34.7893279418	0.162831074209677	0.149633307228547	0.0195615525196542	0.145601149776677
NDUFB9	9.29272015515462	0.158025867582942	0.131336108958402	0.0203041194760359	0.147044570521187
EIF5A	9.74962018769771	0.160592007721896	0.162317822808033	0.0210011000920959	0.149716971651111
SELENOW	9.62201755856834	0.161212263196683	0.15194928110283	0.0211083521077875	0.149716971651111
SAMHD1	9.85163938720131	-0.154581962818255	0.146608620931384	0.0213608030827373	0.149961556335952
IFITM1	95.4844767876893	0.13924486846479	0.100848494658254	0.0222385057266579	0.154546383231724
LSP1	32.3723203016968	0.130571254807859	0.0954121940761416	0.0258699859367158	0.177985503244604
TPI1	14.0245786116652	0.130162150897483	0.0964950074814888	0.0270817816669916	0.1837582813013
CNN2	9.33819257107827	0.138886971557982	0.173005650677094	0.0272432335650183	0.1837582813013
ARHGDIA	9.4645267576716	0.140902790432915	0.134517723675581	0.028225378543385	0.188534567357756
TUBB	8.16855745530491	0.137418504605311	0.161357567897498	0.028694830924638	0.189827343039913
UBE2D2	10.2475828232909	0.13705663631172	0.13054152701594	0.0296719570609953	0.193283210757088
UQCR11	11.7665498693757	0.136993683918547	0.151276730291905	0.0297790993317607	0.193283210757088
RPL35A	122.502668331805	-0.0974195916779122	0.0582734538842774	0.0302910372906346	0.194734973485668
CIB1	10.1225917018704	0.133680052728255	0.151865542376193	0.0305688621169362	0.194734973485668
EFHD2	16.8409809256516	0.119547447405927	0.153204406829997	0.0335951742541224	0.197994951637837
HMGN2	14.5385041475903	0.13151473218472	0.136090480326149	0.0325437735953839	0.197994951637837
NDUFS5	9.67089565510955	0.125682621690613	0.120430481988047	0.0362607033522784	0.197994951637837
SPON2	7.72000228985592	0.0580413760982199	0.107653605718047	0.031930297145652	0.197994951637837
RPL34	189.246125774453	-0.0969270701632569	0.061403099041875	0.0360438720852971	0.197994951637837
HLA-B	294.169742651079	0.108294628009283	0.0717237339313074	0.0321204054974183	0.197994951637837
PNRC1	29.3328050453608	0.116918408790806	0.0887558616742676	0.0338327242045889	0.197994951637837
GNB2	9.59212449068515	0.12866180760837	0.155031354752327	0.0329287997280864	0.197994951637837
CD99	24.8519303256085	0.120859610468335	0.108489225054009	0.0355590591580048	0.197994951637837
COX7B	9.59819607148382	-0.124014886207626	0.114776909195001	0.0343111835718807	0.197994951637837
HNRNPK	17.1582483149559	0.122174470968647	0.102755162888879	0.0347122051059711	0.197994951637837
CFL1	79.7750446685502	0.0988692062743487	0.0633579753117766	0.036241545266487	0.197994951637837
COX6A1	14.52065239139	0.125303891461269	0.118376867398318	0.0352625175498837	0.197994951637837
NDUFB10	8.53289606008841	0.13056803719546	0.149634947326835	0.0324150491830094	0.197994951637837
BST2	7.4483431968232	0.130184266777769	0.143595094738948	0.0327833032880561	0.197994951637837
NKG7	282.53494102357	0.126741642067162	0.113958165283258	0.0332395170887467	0.197994951637837
RAC2	36.0671653807523	0.115357157832767	0.0841191883140423	0.0340174535615634	0.197994951637837
MT-ATP6	317.257178785276	-0.116628942870155	0.0869570753202201	0.0354900290831816	0.197994951637837
LIMD2	26.7449850787113	0.108298683901018	0.0761648648993425	0.0368659489552443	0.199714747096126
ZFP36L1	7.94940482608243	0.0751837004632637	0.122908087752845	0.038385835123578	0.204724453992416
PPP2R5C	12.7967627159079	-0.12223427896943	0.124187849862531	0.0381358640157729	0.204724453992416
JUN	23.1496899012398	0.0434151515272679	0.0940494777636526	0.0406049222179031	0.214893742199364
HOPX	19.4369283121781	0.119242862564907	0.122517967761346	0.04145440877659	0.217714757544228
PRKCB	7.56428928094461	0.098505628723962	0.14090551652103	0.0428595491247011	0.223389165134806
SIGIRR	10.4553981859616	0.114121817659581	0.127872651875077	0.0433377590964951	0.224183295175854
CARD16	8.01517593993414	-0.101785711596619	0.139279297969477	0.0448546676678964	0.230298592205319
EEF1B2	42.8464953710704	0.0990821978342055	0.0742311941052942	0.0478006226386309	0.240049842156044
RHOA	26.727527692161	0.105292285875903	0.0836736796915418	0.047535713224573	0.240049842156044
PTGES3	10.3144562712676	-0.10914528525887	0.113713383707363	0.0477851479119532	0.240049842156044
WDR1	10.2391492178732	0.107160886102711	0.127367823704281	0.0485895855503233	0.242243730859583
ATP5MD	10.7849109500885	-0.108234011873193	0.12175671889719	0.049189429305834	0.24346998102456
LDHA	9.99802922778751	0.104387725451067	0.126303762624847	0.0497951435658216	0.244707562666323
CD2	11.3428863776442	-0.0987073555946143	0.12858548985447	0.0501867805271003	0.244883014203156
RPS28	142.311540218524	-0.0783784032310116	0.0495552516123725	0.0515563710967241	0.249794248693987
RPL8	95.368855130279	0.0928115970985579	0.0687305053926889	0.0527903600826429	0.25398438976824
TXNIP	59.7820327220137	-0.10397270556864	0.0961572869839241	0.0532498454091785	0.254415928066075
CIRBP	21.5743266310327	0.0999666678537887	0.0791249246374913	0.0536571250782774	0.254593807267964
COX7C	27.527870665933	-0.0893306532069329	0.0629227400158389	0.0559491525236054	0.260087952271895
RPL30	218.696690628195	-0.0820812609504189	0.0550206229478015	0.0558741015230396	0.260087952271895
MORF4L1	10.2047817227372	0.104806972411151	0.11049945552051	0.0552454397514762	0.260087952271895
RPL28	230.400812152149	-0.0662661983812274	0.0402288329590096	0.0564022442779946	0.260434523914499
RPL36A	17.7255086511134	0.0945187033571511	0.116172753953192	0.058610188802612	0.268825399307981
HP1BP3	8.94342740544964	0.101987327436008	0.111660089754203	0.0597970562433511	0.272452812552487
FKBP8	9.5720631002944	0.0902008483191782	0.119253885167248	0.0608130233952664	0.275258947999627
RPL23A	127.558043652358	-0.0744074536190313	0.0494686507876895	0.0624471646649307	0.280808165290669
H3F3A	46.4929580899027	0.0930616119069145	0.0774047266338049	0.0635706475063646	0.281981372838308
RPSA	91.7275785769733	0.0816176960618883	0.0577224024090019	0.063484657976762	0.281981372838308
MALAT1	898.533743317652	-0.0946502776197952	0.0831766925672409	0.0642649213952792	0.281981372838308
JUNB	32.7277195790735	0.0606248138246958	0.104910217599608	0.0643474935110673	0.281981372838308
PARK7	11.6385787557126	-0.0958482104895559	0.0943228437347183	0.0661355700830372	0.284783151410532
CTSW	49.0646603997652	0.0933339147501028	0.0933771917661015	0.0662286398629144	0.284783151410532
COX6B1	17.8912100584058	-0.091186848209349	0.0769811560336439	0.0658528904841394	0.284783151410532
PDIA3	14.0557253628326	0.0952237822632726	0.10112499432601	0.0680809723440266	0.290929869395592
PGAM1	8.00043738610535	0.0812428133956144	0.114705682604581	0.068679013586085	0.291673835476707
H1FX	7.11521133195574	0.0558513750955478	0.101045543167173	0.0701061190695248	0.295908036317994
SCP2	7.11346704715331	0.0826087925818099	0.113080974508463	0.0712889575561477	0.299065870723351
GSTP1	18.2978262780169	0.0934188791574453	0.0993934734065655	0.071832842015368	0.299521183676201
SRP9	8.02975027333621	0.090451608882819	0.109551031532014	0.0756495868418489	0.309205696437671
COX5B	13.3044032121345	0.0914168233707693	0.0853487676985655	0.0759531434563464	0.309205696437671
CRIP1	7.98964776138386	0.079280268605822	0.111171005898459	0.0754736528959368	0.309205696437671
RNPS1	7.24231770843238	0.0921116167801773	0.112170591899637	0.0755591553048986	0.309205696437671
RAP1B	19.7427704366288	0.0897989225547702	0.0874886137486883	0.07744096127985	0.313408125650216
TMA7	33.3370961038684	0.0876995002872084	0.0814633194917471	0.0789275146971854	0.315710058788742
SRSF2	9.4155287382794	0.0820759466216124	0.108800457533575	0.0787069495789205	0.315710058788742
KRTCAP2	10.9199442997616	0.0876891769363897	0.100386803783399	0.0806125533006048	0.318743888912736
SLC25A5	10.0686478603337	0.08120783502532	0.107953242689341	0.0803122236787974	0.318743888912736
HLA-C	182.542570249787	0.0850149249985438	0.0773903450102609	0.0825064822421187	0.324368341614729
MT-ND6	24.268323914481	-0.0819982926936216	0.101396025203903	0.0844018051506672	0.329934329225335
PRELID1	10.5522658694347	0.075419465324003	0.106592363619112	0.0857932157743042	0.332778954469178
RPLP1	288.131569184656	0.0751589885388766	0.0581738464861235	0.0860968806620839	0.332778954469178
ATRX	9.95967559023251	-0.0807494751967447	0.101141540891478	0.0868046700816967	0.333640296179929
SUN2	15.0593761325662	0.0811972855534273	0.100291705678273	0.0882305771009271	0.337236872474655
BSG	8.8639502767532	0.0820003821448732	0.0986822763579036	0.0911107187406212	0.346321406041698
TAPBP	11.2530988328669	0.0818937651020774	0.0969971329920606	0.0924889334068433	0.347717957289116
CLEC2B	12.066554507026	0.0763717890085031	0.10209814136452	0.0921138918333269	0.347717957289116
ATP5PB	8.78667897323878	-0.0800027772593659	0.0964785821791012	0.0936697155973657	0.349754362841422
SNRPG	7.10695367957826	-0.0772995746141546	0.0978229369856233	0.0940473214035799	0.349754362841422
ZAP70	16.331797699307	0.0768935622629048	0.100311406886194	0.0953740197908168	0.350894789390813
ARF6	13.3165523417036	0.0826158298426983	0.0877130635828764	0.0949200032707842	0.350894789390813
SASH3	7.45792576449797	0.0650747633722887	0.100143535958432	0.0959089842986117	0.350986070199175
RPL26	54.6964657198305	0.0782641405476693	0.0860486241367245	0.1005566796782	0.364121029571587
S1PR5	8.1884397968385	0.0733746247941733	0.101355182074295	0.100089461409056	0.364121029571587
SYTL1	7.29074959300408	-0.0742674410565402	0.0951800926880564	0.10480958957528	0.364260483945154
TPM3	25.5257975434149	0.0772783098306885	0.0676100123871279	0.101757833965161	0.364260483945154
TAX1BP1	8.61460057981474	-0.0745718796283182	0.0974379124460168	0.102439093418639	0.364260483945154
AHNAK	15.6262791598337	0.0773259681748062	0.0927176063142577	0.102791342261567	0.364260483945154
SLC25A3	10.0882180920398	0.0786625741520191	0.092424643020829	0.102947745901754	0.364260483945154
RPLP0	75.6667903191392	0.0726756821898947	0.0612203969074358	0.1038361259148	0.364260483945154
YWHAB	24.1761682787897	0.0779211929711136	0.0740865553012304	0.104830778809797	0.364260483945154
GZMM	24.489987686685	-0.0772004404717797	0.0783675640453154	0.104627730974062	0.364260483945154
LAPTM5	19.653100984333	0.0771732377263376	0.0873705467162043	0.108154019684266	0.373919424838066
FUS	11.3691737690741	0.0756571622341963	0.0911827705667492	0.10966428983099	0.377245157018606
HNRNPA3	13.4328054390437	-0.0748612696294921	0.0900825234762184	0.115113174639359	0.382598377545309
ITGA4	8.59752707271954	-0.0617713863758582	0.0993109824888956	0.114957501644272	0.382598377545309
TCEA1	7.26968875967263	0.0708088083937946	0.0968849811694506	0.113594965679251	0.382598377545309
TCF25	7.25507370307292	0.0677327524497713	0.0968993399614355	0.114357515392849	0.382598377545309
DDX5	48.9957950655879	0.0728224627024937	0.066870855230493	0.113592004252361	0.382598377545309
MBP	12.274634322809	0.0737712782193776	0.0968785222023922	0.11214403369415	0.382598377545309
UQCR10	12.3345245936493	-0.0744579670271621	0.088777392472377	0.114561994655835	0.382598377545309
OST4	19.2272365963393	-0.0744817366885659	0.0818744272193203	0.117321053696732	0.388061946843037
DUSP1	20.4507073567753	0.043174827306928	0.0903664901918406	0.11961360653825	0.393658599124722
KLRG1	18.2465982461728	-0.0659643637485727	0.0954267323823952	0.120729599440867	0.393658599124722
EEF2	29.2581246711212	0.0733221632879161	0.0813994342078703	0.120419906815186	0.393658599124722
TRAC	9.22339964740385	-0.0666512497763218	0.0936012407689483	0.121890363952716	0.39556872829938
CAP1	15.3613405452674	0.0699936558255585	0.0896173033388843	0.126867202363661	0.402900950208077
SEC61G	8.71171418627202	-0.0674734798427154	0.0917533662888687	0.125362034447129	0.402900950208077
ITM2A	7.75395488387394	0.0479096295815697	0.0916511874374925	0.12694887795482	0.402900950208077
SNRPD2	20.2009640565574	-0.0712826549335087	0.0796188005327433	0.125296745736132	0.402900950208077
FTL	84.0469368404935	0.0700659852968848	0.0650185581563715	0.127077770632489	0.402900950208077
ARPC2	37.7569224227612	0.0718092221264185	0.081858891305831	0.128620593759817	0.404068349345909
PTMA	89.110536508901	0.0661246873357162	0.0579495251447712	0.128173712760156	0.404068349345909
CD37	25.1256921503025	0.0715393348900193	0.0679867994170382	0.129587399849711	0.405255141348188
DHRS7	9.34300247544463	0.0591362960940202	0.0937942548472467	0.132628382754958	0.412888358983762
SH3KBP1	7.33094953575693	0.06341627294535	0.0927379892203601	0.133883511953923	0.413057651230042
RPL23	20.2468691464386	-0.0690688202200471	0.0752097888288254	0.133830149969546	0.413057651230042
ISG20	9.98233729665949	-0.0578457155305334	0.0926047876933963	0.134597286487008	0.413405951352954
GZMH	55.13256398698	0.062066126870602	0.0920812335251949	0.135461493795762	0.414211145473263
TYROBP	28.605767542941	-0.0297873399292242	0.0845723547927491	0.137250898470865	0.417825744017499
ATP5MPL	9.87015242388235	-0.0636760966678578	0.0932242999426888	0.137891182373044	0.417925698117419
PRF1	33.0056062488443	0.0617101333245841	0.0910566091499354	0.139800097543287	0.421852925920094
RPL17	12.7578350853989	-0.0675297794509873	0.0824112033862115	0.140737435382163	0.422826880100124
TIGIT	8.15855277177461	-0.0527793390774678	0.0919989374029516	0.141387470326816	0.422932954716735
AKAP13	7.7787139806212	-0.0638108189828408	0.0951216211617438	0.143478405895026	0.427329624483886
ANKRD12	9.67873820565333	-0.0612347436358483	0.0893935834376268	0.144839783908772	0.429524876419117
CDK2AP2	9.73661580729441	0.061147534518263	0.0895940931099423	0.145564394390819	0.429821044381475
EVL	20.5903941679276	0.066033493722561	0.0824400458979169	0.147694573619253	0.434247293376266
CD3G	20.0253903592367	0.0605906809541272	0.0898006579089366	0.148464332408765	0.434653024243534
FCRL6	8.84557632428308	0.0504299769590153	0.0908235863899733	0.150681939388905	0.435584765964564
KLRF1	7.80005239947823	-0.0273199148654626	0.0835516539106596	0.150253367118828	0.435584765964564
XRCC6	8.43293556907278	-0.0633370072282553	0.0858847288085105	0.149844028766863	0.435584765964564
SSR4	16.7958315547183	-0.0650744962390156	0.0694685141799549	0.151563590766906	0.436300211077955
DYNLRB1	7.76641056719722	0.0577276226019101	0.0897384736124262	0.153881675952812	0.441127471064727
SAT1	8.14285761435828	-0.0577759951179544	0.0892732830896631	0.156187220680524	0.444036395984299
ARPC3	30.1261518849042	0.065251832665134	0.0719777818608629	0.155626717315883	0.444036395984299
LRRFIP1	10.4419351021718	0.0587542236185094	0.0885153374413958	0.156840391458071	0.44405839227635
KHDRBS1	7.22671472774211	0.0594252474539892	0.0880299779343782	0.157649424121632	0.444519687687225
FGFBP2	21.8791274014314	0.0397909699922853	0.0871358679432201	0.159470102568619	0.447818083947796
ITM2B	26.0960415737917	0.0618370553796738	0.0633640490527776	0.161287768472199	0.451081238653956
GZMB	28.6081101840399	0.0439280405349236	0.0883799504665895	0.163487372379754	0.455381830758182
EIF4A2	12.1119025839884	-0.0601271034563294	0.0830135254693357	0.165618359444176	0.459457384264487
LCK	18.7985062250057	0.0621256413655569	0.0803219191806883	0.167601078067925	0.463090528958764
IFI16	7.80278522287436	-0.0500872711969531	0.0874926668914171	0.169473438357629	0.4663327654645
RPL14	106.028601366713	-0.054493248861138	0.0504558574972866	0.170130122284287	0.4663327654645
SPCS1	11.0046782002962	0.0585422149826622	0.082774308345729	0.171020758151623	0.466913815906018
EIF4G2	11.0893724901875	0.0576532658670348	0.0846323997713885	0.171956321725283	0.467612448011837
TMSB4X	407.84944439469	-0.0499943704070397	0.0442135295358642	0.175193337720862	0.474539434456508
LDHB	13.2441268014748	0.0601664269918438	0.0785927335020298	0.177192868812551	0.478073308796215
CLIC3	9.39569126187949	0.0366110996287341	0.0857710067958169	0.179813181935049	0.483247926450445
S100A10	24.869358080789	-0.0586207999190799	0.0871048602497426	0.186182138233984	0.487775306861389
JTB	8.97456923870832	0.0553002812168794	0.0836399928805948	0.187224114279878	0.487775306861389
ATP6V0E1	12.2027126864334	0.0567058275457769	0.0803337002375747	0.190005497440192	0.487775306861389
SLC25A6	15.644362929587	0.053409238729575	0.0830085152408046	0.188808942774273	0.487775306861389
UXT	9.11133142524341	-0.056894024593336	0.0799371261276514	0.185100437566847	0.487775306861389
C8orf59	8.05395726555149	-0.0523907479880534	0.0847979511211042	0.183431534350308	0.487775306861389
HSPA8	31.6642314004237	-0.0582816968704323	0.0668531735886433	0.188079716554572	0.487775306861389
COMMD6	21.6123599814891	0.0595794770680098	0.0720495986782754	0.18783253993524	0.487775306861389
RPL36	84.6214497398278	-0.0572468611373947	0.0608212454780953	0.188818582637289	0.487775306861389
EIF3G	15.5910814718527	0.0553875340534676	0.0845972498672303	0.183365899793967	0.487775306861389
APOBEC3G	7.71363477041964	-0.0502361065876877	0.0854507216429147	0.18595708282193	0.487775306861389
MT-CO1	565.335473826357	-0.0589828736428623	0.0747654417433659	0.189833405893093	0.487775306861389
YWHAZ	32.0037072726013	0.0560975998558522	0.057223337996596	0.191671489214868	0.490222991003081
EIF3F	15.0522654890106	0.0560480758971825	0.0761197733583442	0.197489532099673	0.501950102994024
RPS27L	10.6081898945829	0.0512101719987927	0.0843805614521329	0.197715810917704	0.501950102994024
MYO1G	10.2969671491998	0.053577855891979	0.0826962254779577	0.199400927032171	0.502578914998897
HSPA5	11.3635834486628	0.041721833875978	0.0855034903907754	0.199424482259737	0.502578914998897
IKZF1	7.61194078667997	0.0519355768187678	0.083668843306465	0.200385468820286	0.503157673534149
PSMB1	9.09139141232555	0.0530597760839911	0.0818387920960116	0.201942052903173	0.504181906621236
CD63	11.1683942322735	0.0499871191224303	0.0847027549741897	0.202259020679449	0.504181906621236
TMEM50A	9.01618413703186	0.0517957392909782	0.081577225922878	0.204560111925089	0.504234045275349
TRGV4	7.56576785891937	0.0164082018985497	0.0804008871286965	0.203734478612583	0.504234045275349
PCBP2	30.7538551532437	0.0557590805795551	0.064850150898217	0.204698196120377	0.504234045275349
B2M	765.932806165583	0.0438463878917357	0.0401247851912037	0.205211530053921	0.504234045275349
ANXA2	10.8641791013609	0.0476567551672989	0.0834165580657226	0.210938989174942	0.515532834469473
ICAM3	11.0875254601537	0.0522299065723211	0.080021436725034	0.211308516454057	0.515532834469473
RPL36AL	36.0594225322703	-0.0537102101339043	0.0626657115834651	0.213395065806142	0.516957060826148
UBL5	17.3740046874386	-0.0545823729005924	0.0737499431395697	0.213226414923551	0.516957060826148
CST7	71.6386892373268	0.0541104778981542	0.070561114230673	0.21519828475212	0.519496210208627
HNRNPDL	21.7503401420694	0.0564442838153308	0.0658494830942872	0.216052521716617	0.519734737556057
BCAP31	7.11855387659981	0.048846648036929	0.0821303868641099	0.218566993721995	0.523951538957255
RPL27A	40.9818186433639	-0.053042972104073	0.0695348613400348	0.223588676526309	0.534128505035072
TRGV9	10.5640373457348	0.0187453760592197	0.0806084770897546	0.226297822385822	0.538729764018843
ACTR3	12.9343886074661	0.0470018180037212	0.0819015785431418	0.227567224840309	0.539883623069423
MACF1	7.55688265928388	-0.0448262202057345	0.0824804081238849	0.229918068987809	0.541749827834547
GUK1	17.7824016398534	0.0528879313426989	0.0698387136081764	0.229928705999546	0.541749827834547
ARL6IP5	15.9263699527471	0.0498146079294752	0.075698812756264	0.23525085390216	0.545795718765941
CUTA	10.7149765475522	0.0460350961578385	0.0744395689940052	0.234033672001163	0.545795718765941
STK17A	9.77929404921333	0.0464228902675093	0.0806674671522461	0.236405703767806	0.545795718765941
NDUFB2	13.5394108662243	0.0503634158319916	0.0737023687660095	0.235603479273065	0.545795718765941
HSP90AA1	29.7750010223403	0.0513175246608381	0.0697188072732175	0.233886604084054	0.545795718765941
PFN1	172.130459329847	0.0518654368812435	0.0688758845853477	0.236284954539932	0.545795718765941
RPS16	89.9290551854359	-0.0397191206764996	0.0386028690569133	0.23751876123722	0.546531463983972
RPS7	122.289836857213	-0.0438446987617896	0.045263836715381	0.242484427084523	0.550591702422944
NDUFA4	14.2814109111353	0.0496395308140969	0.0724959480226921	0.242359551742319	0.550591702422944
H3F3B	72.1451800248527	0.0504518519500909	0.0597101132964972	0.240321323503651	0.550591702422944
OAZ1	30.5937422494673	0.0500298802671504	0.0691517679405339	0.241130685994947	0.550591702422944
S100A6	43.3577152594057	0.0495065898042106	0.0719983671341894	0.245744674565631	0.552878778616902
APRT	11.7682845241903	0.0493044936142799	0.0735892905705932	0.246193436233659	0.552878778616902
CCL4	26.8344070557437	-0.0387227295310833	0.0826930709102457	0.246706082900275	0.552878778616902
CD7	25.3414841969002	0.0443487370963799	0.0770614059848293	0.244327003168819	0.552878778616902
H2AFZ	9.78110878031652	0.0416368605843516	0.0816986240310445	0.247586889887663	0.55305123455426
CAST	9.10618942847232	0.046028002639094	0.0788412684964439	0.248672668321433	0.553587790759029
TPT1	178.796271530838	-0.0425604041629417	0.0444955647879185	0.249436359208283	0.553587790759029
SH3BGRL3	104.78172035496	0.0477091346012532	0.0556131262691071	0.252544407457614	0.553736886268648
SRSF11	10.0672420716262	-0.0461576299733204	0.0766334576487224	0.251432746941626	0.553736886268648
SHISA5	7.68128339969497	0.0437080295908118	0.0798933311491596	0.253676017864473	0.553736886268648
SET	12.67581962639	0.0440838354595716	0.0789737251411479	0.255137489748781	0.553736886268648
FAU	108.606085792793	-0.041688769224048	0.0434060840134126	0.252714455497825	0.553736886268648
HMGB1	30.2152091593275	-0.0499872947020284	0.0647881416894188	0.254195653249376	0.553736886268648
GPX4	7.36947701173575	-0.0455744314423779	0.0778835569750412	0.254747900924824	0.553736886268648
SERBP1	7.65766249620421	0.0444460829159437	0.0798125358368291	0.257462184973758	0.554360716476784
HLA-F	15.5536054847094	0.0452625259442262	0.0740218186626185	0.257842193710132	0.554360716476784
ERP29	9.97284070856598	0.0464740013187097	0.0768034886184536	0.257220043525097	0.554360716476784
PCBP1	26.7480992502635	0.0476476505384166	0.0682729650094701	0.266788592377571	0.570079996069406
EZR	7.41382561669208	0.0434291545367874	0.078475748296486	0.266810695834809	0.570079996069406
EIF4B	9.50801925617718	-0.0429284377043492	0.0770807999133651	0.274415864799732	0.584514287870637
ARHGAP30	7.6103806338043	0.040293628877264	0.0790516463526967	0.2811133276038	0.595085109221735
CCNI	22.5254934153438	0.0460871848003855	0.0621368740072125	0.280294634196675	0.595085109221735
PIK3R1	8.18944387622056	-0.032123973924717	0.080990916081118	0.283143409104658	0.595085109221735
SKP1	12.4290730424108	0.0463556216531481	0.0702392776063515	0.283703366024316	0.595085109221735
TBC1D10C	13.1333979920793	0.0421599247028329	0.077151098760288	0.283408348889627	0.595085109221735
TSPO	8.93895199288173	0.0412138325962182	0.0776583771286247	0.285308227207522	0.596632402184726
TMSB10	212.875293745546	0.0296085990615865	0.0301337460676624	0.288045731820587	0.598717412364242
IL10RA	7.09718698258006	-0.0348144206373114	0.0799285944802403	0.287947668905717	0.598717412364242
RPL4	45.8338608839497	0.0421212100585089	0.0496691294549709	0.289850805849754	0.6006546820019
RPS3	213.537294128562	-0.03923083433923	0.0467732073672284	0.294986215025302	0.607636275261701
GABARAP	14.5468975209399	0.0424080910670509	0.0744678358173701	0.294667797922849	0.607636275261701
WIPF1	10.9442783812401	-0.0407689197246551	0.0755419897929352	0.300558436240355	0.616559701073703
LINC00861	9.36181592139212	-0.0342312235113793	0.0794195227526316	0.301110551687157	0.616559701073703
LY6E	16.2152658116965	0.0439052501960948	0.0666439331522391	0.302674736702456	0.617923498075044
C19orf53	8.02599583138456	0.0401415844654894	0.0755396001063213	0.30566291338261	0.622177764518449
PTPRC	50.2591113356589	-0.0426802275959965	0.0587500733937612	0.306706175502716	0.622338771571676
ATP5MC2	28.4151032641823	0.0424988711471087	0.0575934193759185	0.308455699281891	0.622338771571676
CYBA	62.0684070808372	0.0427139529417422	0.0665481982679417	0.307932094924321	0.622338771571676
C12orf75	13.2350398802441	0.039104834502359	0.0758400463237817	0.309410022100322	0.622438874868484
NDUFB11	10.6594612460081	0.0419635282431137	0.0722587705173289	0.312368243310803	0.622925656225601
VPS28	7.91269327087696	0.0392882352307796	0.0760075516172832	0.311422512375815	0.622925656225601
NFKBIA	7.47686638739099	0.0192752913802138	0.0797834239838409	0.312079066929588	0.622925656225601
LGALS1	11.6256309496364	-0.0258333492303479	0.0797936215292349	0.314476383456304	0.624390433784909
EIF3L	10.7066711000399	0.040149000542611	0.0735767874672141	0.314917849597912	0.624390433784909
RPL7	40.4787746828828	-0.0419762314923588	0.060695793035419	0.315899024939281	0.624536003328234
ATP5MG	27.3997054750272	-0.0411554945520489	0.0566530018932394	0.31932696012417	0.625338640958661
VIM	28.3798428696035	0.0336924345588485	0.0780683009026141	0.319310879248395	0.625338640958661
EID1	9.69260663177256	0.0387357342199459	0.0755404513716274	0.320849622468615	0.625338640958661
LAT	8.88303714403168	0.0421686125976397	0.0738796777469591	0.32063854982574	0.625338640958661
CORO1A	45.0587231835289	0.0420856807762534	0.0664645600423704	0.318930189163677	0.625338640958661
ISCU	7.63442642905506	0.0364679320486355	0.076661470627781	0.32655204258639	0.634654817230046
PPP1CA	18.9457794921407	0.0400493701760961	0.0703242109587206	0.333150604808953	0.64565525664383
RPL31	40.156711587508	-0.0392789433162016	0.0564014826800737	0.335978499404171	0.64751098933089
UBB	28.8384949808458	0.0403028772506963	0.0636092077201452	0.335990440684778	0.64751098933089
PPIB	23.5264703319519	0.0400070711786957	0.0605010064508149	0.341973507571108	0.653818851095784
RPL38	37.4296907805165	-0.0390648042628234	0.0564528788509579	0.342321116301459	0.653818851095784
P4HB	8.07276416460084	0.0366931327938829	0.0742788384486545	0.342435000310049	0.653818851095784
MIF	18.5914182147348	0.0394560320416711	0.0692877145191277	0.343064833205782	0.653818851095784
DPP7	7.29372074297342	0.0367669754931392	0.0744672745558515	0.344951283930716	0.655598020288211
RAC1	8.47324046147724	0.0351362556853159	0.0751827648825929	0.348834601752407	0.66115208266021
CD247	18.1841423470374	0.0349934593029579	0.0745599830527605	0.357950514759572	0.666361429416732
CALM2	15.6272776055588	-0.0372887664679813	0.0685995587904021	0.360300075207884	0.666361429416732
PAIP2	7.88320151450386	0.0358027651603924	0.0732376079529343	0.359831759594688	0.666361429416732
FYN	11.5781330456554	0.0352666183688307	0.0742320453253795	0.355839404986308	0.666361429416732
SF1	10.3591428098515	-0.0357675900127058	0.0731026640600392	0.356235459565423	0.666361429416732
ARGLU1	10.4307149645077	-0.0364490002261044	0.0714103875031184	0.358026979486622	0.666361429416732
MYL12B	29.0033851129112	0.038023525395846	0.0640878175425809	0.357600222935285	0.666361429416732
RPS15	139.091779712434	-0.0323569220249627	0.0400039884078295	0.358312015731109	0.666361429416732
ABHD17A	10.8480722130361	0.0264408655632961	0.0783123840734877	0.358775950251534	0.666361429416732
PTP4A2	16.396332524423	0.0351250812685909	0.0722426771421006	0.368663765936077	0.67472202510432
VAMP8	11.8555790307687	0.0352719810229456	0.0715926750182761	0.371735903751647	0.67472202510432
CCND3	14.3076092546451	0.0375467029333694	0.0678582912564634	0.367841527481883	0.67472202510432
RPS6	143.231830224329	-0.0325416033618641	0.0438650798843159	0.375608336649643	0.67472202510432
RPLP2	133.821860645771	-0.0330601802067309	0.0443579348517547	0.369749027888235	0.67472202510432
KLF6	19.6698030137669	0.0263940515823792	0.0773004816398868	0.375224894814605	0.67472202510432
RNF167	8.37285974162113	0.033555707071893	0.0742606062276538	0.3722271360039	0.67472202510432
ZFAS1	8.51671281304848	-0.0333152403686345	0.0736095798723368	0.373695682623599	0.67472202510432
WDR83OS	10.0234269162104	0.034802630755313	0.0727820089170001	0.370787348694034	0.67472202510432
EIF3K	19.8391438436943	0.0371675799702173	0.0638433561305972	0.374757675676258	0.67472202510432
SON	13.9901985016254	0.0364030002186122	0.0707038535351501	0.36703142170625	0.67472202510432
COX8A	13.9373991790543	0.0349059645529345	0.0717416713359295	0.377119817770955	0.675673006839627
RPS27A	227.517863109006	-0.0351121840002792	0.0497167302298332	0.379581290118176	0.678316695068325
LTB	10.3204852122455	0.0114473707022868	0.0790665287740699	0.382063006968945	0.67940542032983
RBM39	15.1585414707791	-0.0347573229185131	0.0701471240691742	0.382165548935529	0.67940542032983
CDC42SE1	7.27168870791788	-0.0281521165348233	0.0765112748568382	0.389323495323635	0.684397504581296
TAGLN2	21.2564989309927	0.0332838124458923	0.0709833116161912	0.390942179215769	0.684397504581296
FCGR3A	23.1617438056799	0.0205607840330723	0.0788525782106501	0.387126999325697	0.684397504581296
RPL7A	123.704048385116	-0.0331000055275902	0.0477818897931984	0.389017672434194	0.684397504581296
POLR2L	10.0266324955086	-0.0325704622151449	0.0728886367007144	0.390854419303737	0.684397504581296
RBL2	7.65462138630152	-0.0323216482490663	0.0727949228348581	0.390231094159119	0.684397504581296
NPM1	25.3991423481387	-0.0352583295454801	0.0592650699121902	0.392661863001944	0.685663354683598
ATP6V1G1	11.6420981280667	-0.0347420933285276	0.067239427354249	0.395202440983822	0.686614341911287
TGFB1	12.1532104478017	0.0306386171041032	0.074596663183613	0.394346451092652	0.686614341911287
RPL27	62.0136351288586	-0.0325174597334453	0.0482045331791492	0.397092236017925	0.688159844786732
C9orf16	11.502850232844	-0.0340919777220052	0.0681621005938562	0.398365783442895	0.688632309067115
NACA	69.3638434176016	0.0308807378123591	0.0446479414741245	0.402046703922252	0.691520330746273
NDUFB7	9.00648907917359	0.0272426701083081	0.0764262903435633	0.401820674005434	0.691520330746273
ANXA6	14.3458079176737	0.0341910885121842	0.0662736988376456	0.405215083057866	0.691781581002014
CSK	9.96744689137639	0.0331034351429029	0.0698060532769146	0.404233336634346	0.691781581002014
RPS21	95.0080648742705	-0.0340980808884162	0.0574483224881957	0.403749694998832	0.691781581002014
HCLS1	16.0294423953175	0.0331037956349083	0.0694205111982784	0.407563803757479	0.694069051943429
MTRNR2L12	117.898535677103	-0.0274310699485039	0.0757207084649869	0.409762133891432	0.696089748437791
RPL9	86.8860694655774	-0.0313097129380912	0.045232944592385	0.411903412225515	0.698003811850133
ENO1	11.3943208175886	0.0314435843887958	0.0712634260408178	0.416571198177188	0.698511152351111
NUCKS1	7.74702606304556	0.0278269281831179	0.0747914560643329	0.413744588140688	0.698511152351111
ZEB2	12.6247722176883	0.0320701993178397	0.0757867124661765	0.415342815679925	0.698511152351111
RPL13	239.106889723761	0.0344353060866304	0.0519044027974098	0.416073452643177	0.698511152351111
UBA52	74.1248651368577	-0.0295583105622278	0.0437188026588439	0.417279191302772	0.698511152351111
CFLAR	8.75010012696518	-0.0311093702425901	0.0708860111530491	0.418789782800471	0.699338278074573
CMC1	26.5043159342977	-0.0246964409817987	0.0766463548645241	0.421313593182513	0.700225111128921
IL7R	8.25280109492307	-0.00879222207407804	0.0788833235065002	0.421356389545601	0.700225111128921
CD47	8.08093208853404	-0.0294112727923876	0.0734258182247567	0.426699905937174	0.700643282302568
HSP90AB1	16.3266586374288	-0.0321721206178065	0.0662878777314962	0.426091180495448	0.700643282302568
DYNLL1	9.08902332480487	-0.0267374307932624	0.0752038596248657	0.424221370415548	0.700643282302568
ERH	7.90059432113584	-0.030892407555522	0.0713735294564216	0.425531677301975	0.700643282302568
ATP5PF	8.78186464025992	0.0304288365087555	0.0717395657216005	0.422983900749312	0.700643282302568
IL2RB	8.86785610214043	-0.0291837797598447	0.0728766221650157	0.427880984526017	0.70090980322357
C12orf57	16.5996147413811	0.0311979263617846	0.0641609697211459	0.431470725156647	0.703570321881308
HNRNPA1	34.1033228174217	0.0322006695631873	0.0580796125511282	0.431550400921384	0.703570321881308
HLA-DPA1	14.2951692627533	0.0272933713471549	0.0729852761118703	0.433371143454447	0.704868431906997
LAMTOR4	9.9482163157502	0.0297107269805586	0.0707826110434896	0.435978108292134	0.705771620011737
NEAT1	15.0472885819592	0.0259049425803473	0.0754147952238819	0.435659441226628	0.705771620011737
SERP1	8.88176257954937	-0.0297744789181702	0.0700086887233113	0.438877264966381	0.708163713229543
PNISR	13.2045242872958	-0.0312146898322097	0.0658332660624995	0.442602320768464	0.708163713229543
RPS12	275.754444144582	-0.0304039304251712	0.052006979812827	0.441756116846666	0.708163713229543
TLN1	9.99612020202761	0.0280057663697937	0.0733129605699682	0.441153182989035	0.708163713229543
CD3E	48.7149373129569	0.0316565761029441	0.0565880787894991	0.440277387050088	0.708163713229543
SRP14	28.3834354631476	0.0421556917251482	0.0684542970359139	0.445363336232093	0.710928017001578
MZT2B	10.092049820267	-0.0253372397684585	0.0741339578919315	0.452063085794317	0.718027712555824
BRK1	10.1376595309242	0.0278078179380195	0.0716833108179575	0.452941900071552	0.718027712555824
RPL29	119.075274189107	-0.02868681527173	0.0456735445856834	0.45179328097517	0.718027712555824
UFC1	7.31209921007132	0.0278212532072484	0.0717273373542717	0.45508536806496	0.718116360616267
SKAP1	8.48176405302332	-0.0276165062228947	0.0715273856742252	0.454360408539906	0.718116360616267
CSTB	9.56708876493442	0.0277145216072797	0.0712230053045201	0.456595488563084	0.718850563229752
CYFIP2	8.48053763644353	0.0244375749914566	0.0748190679601136	0.45824135653963	0.719794642235766
KLRB1	30.2273416741861	-0.0133924991230902	0.0783180092417632	0.466787582903242	0.729221435815016
RPS19	235.33796786395	-0.0252148592575898	0.0402518564945189	0.467328364754313	0.729221435815016
ARHGEF1	10.7872019393864	0.02822867921668	0.0687354759691892	0.467422461038404	0.729221435815016
RPL12	115.370943428524	0.0266620454561166	0.0443457570131366	0.471279890525849	0.732718422487007
RPS13	122.163365608602	0.0280906739313447	0.049461040530628	0.471793984246721	0.732718422487007
S100A11	11.3980046541989	0.0229041640971477	0.074714768862302	0.475616827995166	0.736991841578094
RPL5	78.768667041027	-0.0270247743787433	0.0534794588110621	0.480665766564723	0.737022365011104
CD48	15.8473203393666	0.0266434496249941	0.0694598907272974	0.482064046882263	0.737022365011104
SEC61B	11.0633076845763	-0.0267318639523988	0.0670482221995588	0.478777307010458	0.737022365011104
IQGAP1	8.3813529210467	0.0269378405984768	0.0699167205624459	0.480625192096153	0.737022365011104
DNAJB1	8.02887853007536	0.022827020671218	0.0746771633348322	0.47753842012745	0.737022365011104
TBCB	7.17891864284383	0.0248618531768494	0.0727447710294009	0.481465790201859	0.737022365011104
RPL18A	152.658141100707	0.0259547374755176	0.0443803083496255	0.485343954949405	0.740391665199979
SRSF7	13.8738673979933	-0.0266769195576557	0.0671825332472949	0.492786341930026	0.746769540062221
EIF3E	10.1302046195731	-0.0295080172897796	0.071205303637148	0.49386648361673	0.746769540062221
RPS15A	215.968337206549	0.0262413644566703	0.0492053327932267	0.491753841940306	0.746769540062221
PSMB3	9.28206374485355	0.0260441641188223	0.0698820600470478	0.490785165245156	0.746769540062221
HCST	55.1781702737525	-0.0275421050697413	0.0549593520533582	0.495397836558588	0.747442349895413
CD74	60.5399536513751	0.0251609759365523	0.0700987256886892	0.498242199076368	0.749068935532839
TMBIM6	15.1702537485579	0.0264244067061348	0.0676801724177418	0.498829371655154	0.749068935532839
KRT10	8.14780611013863	0.0211795434700841	0.0723588129944936	0.499742211351124	0.749068935532839
HMGN3	10.5352056020949	0.0260992005743444	0.0679421277549332	0.500896973299534	0.749167647021911
UBE2D3	14.8373903022412	0.027468462459511	0.0646209336481879	0.503216771581894	0.751004639584258
AES	26.3722182633289	0.0253516270844977	0.0678588793196341	0.50633244931417	0.754018885558764
SAP18	11.9787406152265	0.0261869715652485	0.0658792478619687	0.509532589908725	0.755513840209489
SEPT1	9.89624457393426	0.0247353329258694	0.0696057221637444	0.508743631232092	0.755513840209489
RNF213	14.2947385114338	-0.0240672258477327	0.0706541494359832	0.512699198425936	0.758574297886116
PRDX5	8.26263174882256	0.0224672830860252	0.0728595040870061	0.514066176519184	0.758964655461799
PPP1R18	12.1456515973817	0.0233449806943964	0.0711169574521377	0.517153431753763	0.759692842649537
EPC1	8.83819181424534	0.0245556168237756	0.0693749491641934	0.516168687416569	0.759692842649537
HSP90B1	14.5887820381356	0.0243200342259682	0.0694969517348943	0.517872010468943	0.759692842649537
COX7A2	13.1916457433057	-0.0258493594711055	0.0645253715209721	0.520201084525712	0.760675305672991
SYNE1	9.33998372839603	-0.0240388589908002	0.0680985805738982	0.521858639938448	0.760675305672991
YPEL3	9.38059484988007	-0.0200936319283327	0.0739552298436504	0.520834486890677	0.760675305672991
MYL6	57.3407391193967	0.026008126063183	0.0566765650525458	0.525068541962483	0.762124803523604
SOD1	10.4994222070017	0.0248600731212438	0.0669973786868316	0.524233564001113	0.762124803523604
ARF1	12.698940825152	0.0248350776090285	0.0642669697433665	0.533452249321465	0.771040225910017
GZMA	55.9281265642158	-0.024799908841916	0.0649321364489517	0.533440486231819	0.771040225910017
EEF1A1	467.649114668391	0.0209015850277139	0.040745086456817	0.535024124769868	0.771488097430857
AKNA	7.70496619826403	-0.0218463806964877	0.0714661525838334	0.536004811877834	0.771488097430857
RUNX3	7.87510807578997	0.0208759538302012	0.0718364039389728	0.546948766734084	0.772575874154466
RBM8A	8.35580343138442	0.0216175129094798	0.0680686736259655	0.547017521762411	0.772575874154466
SSR2	14.6191972903996	-0.0240958145752809	0.064713428492316	0.53886030792703	0.772575874154466
TPR	7.34382397105085	-0.0189992533176203	0.0737277445681137	0.547989864225842	0.772575874154466
FYB1	15.6529328051137	-0.0220493611026313	0.0692241474454105	0.547966437513923	0.772575874154466
DEK	8.41119615754028	-0.021333000958191	0.0715715555792423	0.544250017886728	0.772575874154466
ANP32B	8.34641037833781	0.0225996450289181	0.0694884339717249	0.541323279339332	0.772575874154466
CELF2	10.0887876065927	0.020896312039403	0.0716392171086846	0.546476729235494	0.772575874154466
GNG2	11.0547473487943	0.0219139618245982	0.0701882204898391	0.547688616634653	0.772575874154466
PSMB6	7.46208648534221	-0.0220779954961516	0.0694339633917479	0.543687382095739	0.772575874154466
GSTK1	14.8495023332251	-0.0231504280468746	0.0660152294007424	0.549862899258474	0.77363123658452
RPL32	196.242760316598	-0.0194935695148266	0.0436311559823044	0.560697894997211	0.785560714337137
FAM49B	9.67954855532501	0.0201741757023591	0.0715004078457467	0.561767255020162	0.785560714337137
KIAA1551	7.11049659403828	-0.0174662614066015	0.0740079852682338	0.560456566847046	0.785560714337137
RPL11	173.096098221498	0.0198963776868907	0.0406192485896246	0.566758762203372	0.785975072560102
RPL37A	84.2791552553842	-0.0207192620003663	0.0430955855136315	0.56723649259358	0.785975072560102
C4orf3	9.47392288001085	0.0215451280687059	0.0682746530447389	0.566591467330611	0.785975072560102
SRSF9	10.0098082265985	0.0212895998447403	0.0688253220083437	0.570060408731818	0.785975072560102
RPL19	185.040237131181	0.0230032315454692	0.0454322411804534	0.568232252926516	0.785975072560102
ATP5F1D	12.9428296650623	0.0222490882302567	0.0652141018456218	0.568960685968594	0.785975072560102
RPS5	63.1594569930765	0.0226591825198268	0.0521060527891425	0.566590892143776	0.785975072560102
POMP	8.43531919408009	0.020545871117676	0.0698638195114824	0.573624853230284	0.787732333378115
PSME2	17.5462014464555	0.022443536956402	0.0632097414545476	0.573211501801202	0.787732333378115
GNLY	89.8171190281175	-0.0103456755017924	0.0774115548624123	0.577842631153343	0.788801052050595
CD69	10.937522434498	-0.0140392542771257	0.0760854735067651	0.577631039774994	0.788801052050595
RPS9	75.723627000957	-0.0212059754701132	0.0543441046685133	0.576832824827243	0.788801052050595
YWHAQ	8.63637060067135	0.0196682908247996	0.0699689521800068	0.58542948403745	0.797575217856961
MYH9	11.7418782456682	-0.0203048734614068	0.0677977601294551	0.587377604817992	0.798647810503515
RPS26	148.531444478003	-0.0209570180647971	0.0635571499242881	0.594286307115885	0.806447690918597
CTSC	14.2403451998218	0.0188733066425645	0.070117884205041	0.596616673975242	0.808016282864107
CD53	13.6629872814909	-0.0194334471822102	0.0685065774228222	0.599095669872432	0.809779608786312
CD52	57.8176217281048	-0.0160094679094476	0.0725512224307355	0.60459911492798	0.815616060922452
MCL1	7.36557330388412	-0.0171133532730921	0.0712715241197099	0.60907438755507	0.815947588221873
SRSF3	9.32430987193332	0.0207791924885007	0.066634985881813	0.6077806366452	0.815947588221873
PRKCH	11.7785637179989	-0.0177747062291712	0.0708881854732927	0.609377449722643	0.815947588221873
DDX17	10.921466681537	-0.0184199778553318	0.069256995134382	0.609588750502969	0.815947588221873
EMP3	32.3065643084263	0.0220745092827273	0.0580872565489494	0.613467872198451	0.819545429267057
EIF3H	10.4178198697477	-0.0187906181546849	0.0666797259056916	0.615342877332225	0.8204571697763
RPL15	94.0585963184797	0.0182359312856725	0.0399973067736414	0.620906633102897	0.821530413962401
CX3CR1	8.80895276581842	-0.0108464971496167	0.0767893823556137	0.619389638045545	0.821530413962401
SUB1	24.6573118365466	0.0200351809556643	0.0600954807035821	0.618635851221332	0.821530413962401
ARHGAP9	7.80076055838657	0.0158097821854877	0.0725130093136323	0.620924150087861	0.821530413962401
PKM	7.65961548190716	0.0173088376092614	0.0701709125310908	0.622851971605319	0.822499340622763
TMEM59	9.18563629600784	0.0180289407845444	0.0683752943872915	0.624878466979977	0.823210929462753
RHOG	9.01985858339177	-0.0169098234152807	0.0698360771985105	0.625955628414653	0.823210929462753
GMFG	19.5811388356752	-0.0183233616715003	0.0644940769466076	0.628176944720851	0.823210929462753
BAX	10.2660699199885	0.016032230462787	0.0717175240138049	0.627453102746898	0.823210929462753
KLRD1	30.918333918689	-0.0183115429814957	0.0660670061387673	0.629958427846838	0.823976042506891
PGK1	8.54267338890652	0.0175709635832204	0.0682934296198593	0.631175268198718	0.824001109147473
BZW1	7.7221637689712	0.0169340239321913	0.069526614164519	0.635417450862015	0.826403036281789
PRMT2	10.4386285017854	-0.0139257837088973	0.0737144930816126	0.634930469662867	0.826403036281789
DOK2	8.69583389553343	0.0165401922038414	0.0702107421684191	0.638686457086043	0.829087325424901
HLA-DRB5	7.94601714788781	0.0139236663212739	0.0736261990112375	0.641372606434016	0.829177410498076
BIN2	14.0942583061938	0.0175755812901917	0.0636765962530703	0.640489581496698	0.829177410498076
RPS11	38.149578083268	0.0179512442716411	0.0491795304461607	0.642371453191097	0.829177410498076
PTPN4	7.48774845100727	0.0160119190135111	0.0696022886841797	0.649039309385378	0.830211078516114
HIGD2A	13.1094922822843	0.0177688287833064	0.0643525359570835	0.647331517793197	0.830211078516114
RPL10A	71.3647327807868	-0.0177323342045574	0.0518553754508292	0.647037797302224	0.830211078516114
RAN	11.8457519713262	0.0168474999972263	0.0651169934032357	0.64446991688074	0.830211078516114
RBM25	7.48994562085837	0.0157522206696357	0.0700756812572401	0.649205756165217	0.830211078516114
TRDC	16.0945317684218	-0.010027667420385	0.0764397517093342	0.651411413770731	0.831322873472496
FXYD5	20.6006342008831	-0.0157542538061123	0.0688833260384036	0.652491790225505	0.831322873472496
GYPC	8.83135288674628	0.015997632947829	0.0680514713092055	0.659849440428054	0.83298424773303
ATP5MF	10.5150379336903	0.00896966934549806	0.0637927003856577	0.659286075566413	0.83298424773303
MTDH	7.74724022325699	0.0156534797745336	0.0694460167604727	0.65732426849625	0.83298424773303
TRMT112	10.591463167754	-0.0161900861413345	0.0673393172653046	0.658559322703978	0.83298424773303
PSMB10	13.6312822702354	-0.0166984174108882	0.0663756690279414	0.659001487131384	0.83298424773303
APBB1IP	7.8358299000182	0.0165744503900208	0.0678032727440655	0.663547839352032	0.836118889146882
GTF3A	8.68116572134849	-0.0157153032189855	0.0682422999501153	0.664900270956838	0.836291382848821
ARID4B	7.48031796756689	-0.0146707070292828	0.0699291618170434	0.670250412232883	0.84148226937267
LYAR	10.959114746061	-0.0113263822397697	0.0742329902373292	0.674294473620743	0.841950268332253
HLA-DRB1	14.5974613365848	0.0129786527162444	0.0728085100927929	0.673485864100627	0.841950268332253
PPIA	62.6828201997821	-0.0163264456496043	0.0447575288520922	0.672539425990264	0.841950268332253
DENND2D	10.100926613701	-0.0127219010848664	0.0719305370190208	0.680156439707114	0.847731214707417
MBNL1	17.2257332122368	-0.0167602978942244	0.0626460098146196	0.68529685768208	0.851633830677671
CDC42SE2	7.94335665951823	0.0116347872652619	0.0733433312071532	0.685763288074752	0.851633830677671
KMT2E	10.4019098144661	-0.014563232842418	0.0662728101775199	0.692574003059554	0.856998046951391
ATP5F1E	47.5067520640804	-0.0156237467689974	0.0616202473149132	0.691899687451688	0.856998046951391
SEPT7	17.4745233538483	-0.0153122333765381	0.0602891877045537	0.694577255167544	0.857933844802999
OTUB1	7.31857286470368	-0.0141937208311202	0.0677854107911896	0.696480740874913	0.858743279071577
SRRM1	10.5225236579784	-0.0134006810379927	0.0644371793275718	0.69904552871265	0.860363727646339
ACTR2	7.13645689515054	0.0125259195760129	0.07156470181152	0.700543109842282	0.860667249234803
UBXN4	7.27849792425607	0.0124287821000582	0.0711646869917851	0.702263992302483	0.861243541362047
TBCA	7.92050424797054	-0.0132545187626981	0.068925342633927	0.70385837204228	0.861352151538183
EDF1	18.0308226739311	-0.0149989153841441	0.0590030548649707	0.704856484470926	0.861352151538183
FGR	8.87129510276041	0.0106551011532365	0.0738271880231727	0.708899549420749	0.863226353984912
UBXN1	8.81971413449799	0.0135247616682799	0.0672138085432971	0.708152620090716	0.863226353984912
ANXA1	13.2189663209835	0.00856010541658973	0.075467278040693	0.716201861599888	0.870577527881136
UCP2	16.8996666624253	0.012706815795998	0.0677117447475529	0.723547992281727	0.876410244172232
RBX1	7.34287648281097	0.0124340635186687	0.0690092883766231	0.722481741246108	0.876410244172232
ATP5IF1	12.3646228183404	-0.0116740987802243	0.067150784286122	0.734312165578517	0.887885360137117
MAT2B	7.39765145164674	0.0113348485092126	0.0698436210002803	0.738706887692973	0.891632173215378
IRF1	15.2679581025409	0.0101610765352256	0.0719452920207072	0.74510170157068	0.894642182688705
SERF2	61.0942932712864	-0.012290842558242	0.0467747140675855	0.74481417760309	0.894642182688705
SCAND1	7.51194775321287	0.011378249082058	0.0689919611777398	0.744388104877726	0.894642182688705
RPS8	167.997708246912	0.0117168027687999	0.0426731717549523	0.750322958521722	0.899341803942413
MRPS21	7.35686848560829	0.010174526794496	0.0705327876433431	0.756674822493626	0.900566914042277
GNAI2	7.81584696273628	0.00941045159029172	0.0721535346632488	0.757889888416393	0.900566914042277
GPSM3	15.9460321321848	-0.0133671739666857	0.0613589483703947	0.755401381525328	0.900566914042277
ANAPC16	10.4714239287701	-0.0117400317632284	0.0665863627111208	0.753607397350809	0.900566914042277
MT2A	17.5148505675018	0.00881662892625144	0.0736251742405861	0.755642398264501	0.900566914042277
EIF3M	7.4438215580196	0.0104713004934978	0.0683668900514214	0.76378235990764	0.901359304238467
SUMO2	21.4811252651453	0.0115514361000177	0.0597630301009908	0.76373872107288	0.901359304238467
LSM7	8.74626122769013	-0.0106720845827932	0.0678180039916003	0.763797201120678	0.901359304238467
ADGRE5	8.68575914330744	0.00949508626247118	0.0718893423430373	0.761298556323581	0.901359304238467
CDC42	14.1252090121479	-0.0110646380654997	0.0654318179396116	0.766469789179238	0.902964409170061
ATP5F1A	7.48542550706826	-0.00971659135788741	0.0701580329340526	0.7682349918062	0.903496879252419
CCDC85B	8.00579623360652	0.0102216599840396	0.0687510591336059	0.770290193841085	0.904368009151307
ARPC5	9.89729204501053	-0.0102658842577506	0.0661612517378547	0.775281890399115	0.907050181378862
NDUFA1	12.0780217262571	-0.0102053781331498	0.0659217496642401	0.776399384460085	0.907050181378862
RPL18	110.780474567581	-0.0081653127208231	0.0486850919401642	0.776529879116496	0.907050181378862
LCP2	9.43393669189054	0.00961690475768052	0.0689384380202269	0.779963508094343	0.909516768760861
PAXX	19.1842110022872	0.0105559764859522	0.0641425595056049	0.783472378743287	0.912062599958344
RPL3	140.113298170509	-0.0100983180941208	0.0436385717867162	0.786451334254439	0.913983983052456
IKZF3	7.92241283462225	-0.00812093134184235	0.0721204098268931	0.788055565601867	0.914303927713464
IL32	145.309690991692	-0.0104077516204794	0.0602616811923973	0.78980262544207	0.914788226101253
FLNA	22.3063677722223	0.00959127682899748	0.0645717195924329	0.800502217483801	0.925622732149336
PRRC2C	10.8156444814194	-0.00867720375733858	0.0662871715879951	0.806689844405032	0.929652618007809
OSTF1	10.8618930065912	0.00876024036250135	0.0676229925612809	0.805435514079063	0.929652618007809
ATP5F1B	10.9021368070714	-0.00850555642439626	0.0658917487298688	0.816534187391475	0.9364519179742
ELOB	17.2512533156244	0.00958561488417173	0.061595981664162	0.81620286052701	0.9364519179742
MYL12A	64.0387084223729	0.00914389085545911	0.0531005088247746	0.816673184279825	0.9364519179742
RPL22	61.0459962535966	0.00829580162145594	0.0461228848021155	0.82498936814866	0.937824679191648
RPS18	188.685312597085	-0.0085085926207565	0.0454611737435202	0.825213669904177	0.937824679191648
SEPT6	9.26501585194518	-0.00780079366317296	0.0673382150891874	0.823056110199472	0.937824679191648
RARRES3	25.6659251323587	0.00857971237812579	0.0617031606252542	0.82604906335776	0.937824679191648
HNRNPF	10.0768846816422	0.00837834743415637	0.0653455545931696	0.821711487419982	0.937824679191648
GNAS	8.70325808086893	0.00999460853997263	0.0675708455791592	0.820412737574058	0.937824679191648
TRIR	15.9153286121004	0.0086115989312755	0.0592654358129262	0.827661787713922	0.93810759464115
SMCHD1	7.45626768017751	-0.00724344881048117	0.0696217656661396	0.832295169348263	0.941807691630929
ZFP36L2	33.8719223263845	0.00610330883624535	0.0719333776786421	0.839278937786755	0.941963962801447
PSMB8	13.714472506607	0.00752876097664361	0.0663269706032536	0.837928227452744	0.941963962801447
PTPN6	10.3729370505888	0.00664753404737795	0.0705898804282764	0.836269451174263	0.941963962801447
PFDN5	44.0480015232498	-0.00802078162497418	0.0514209418983832	0.836850915929011	0.941963962801447
SPN	8.12101987095837	-0.00677772981908964	0.068445091422295	0.835686753025635	0.941963962801447
TRIM22	7.46181574968565	-0.00676026895140962	0.0695357864324212	0.840682125056178	0.942002120584121
LYST	7.07832600518064	-0.00583491082418204	0.0724533415984691	0.842662639548924	0.942492388154493
ID2	11.5008304100265	-0.00555669342368023	0.0729761567236384	0.843859463812744	0.942492388154493
MSN	12.6740955726417	0.00764414291912406	0.0636242856402128	0.849299743961982	0.947031156962469
DUSP2	27.373869759215	0.00372970003925761	0.0763910334737339	0.854553079157726	0.94770695325561
ATP5MC3	11.3743632772331	-0.00624406834902309	0.0663086515644398	0.86355203531075	0.94770695325561
ATP5ME	8.16971113334185	-0.00528723983800805	0.0707286798824613	0.868671815257539	0.94770695325561
PLAC8	11.7004941160989	0.0058707032858134	0.0700818437239825	0.857483170216384	0.94770695325561
HLA-DPB1	14.9515251241939	-0.00647665047224143	0.0635625375496286	0.863980936045784	0.94770695325561
CD3D	42.6396114617133	0.00498439433732631	0.0661879931075744	0.868401512211132	0.94770695325561
TUBA1B	7.44425528574422	-0.00522845478912882	0.0712744126337775	0.86578801512227	0.94770695325561
NDUFA12	8.19677837309462	0.00587458274075109	0.0693267137953894	0.862485504854806	0.94770695325561
HNRNPC	12.7890419295246	-0.00627917522130672	0.063562745630826	0.869190534163212	0.94770695325561
SRSF5	20.3150992571677	-0.00701718374682777	0.0605799626167555	0.85912305533214	0.94770695325561
CCL5	165.277828843813	0.00687165614809191	0.0549676385350079	0.853058404716586	0.94770695325561
STK4	11.7987312864081	-0.00658359504686231	0.0637640840051327	0.861315586572224	0.94770695325561
CDC37	11.0221993938108	0.00610443878110742	0.0635581169676534	0.862198921854788	0.94770695325561
NDUFA3	7.66908947459332	-0.00505981097471392	0.0724223847662199	0.863555717173133	0.94770695325561
SRRM2	10.471598108106	-0.00559948667802704	0.064997749382073	0.878951276604947	0.956833035291461
DRAP1	11.8660888406197	0.00577896629574867	0.0626486771604832	0.880721600123615	0.95724559381524
RSRP1	10.9221013906996	-0.00475679874784282	0.0656851030207571	0.896482364158316	0.964326503270432
S100A4	87.6672383889447	0.00417721588140748	0.069910854156937	0.899431107583821	0.964326503270432
CLIC1	34.6342112853475	-0.00428734482722332	0.0593295797727316	0.895616015144004	0.964326503270432
RPS4X	168.062569537299	0.00513573875156083	0.0505961193242664	0.894485555422124	0.964326503270432
SELENOH	7.79455538218726	0.00501591339353778	0.0660842108102342	0.894564690615413	0.964326503270432
ARHGDIB	53.7050121167034	0.00540842860648292	0.0489975985848108	0.889422825255963	0.964326503270432
BTG1	33.2382917680975	-0.00419728935314391	0.068818402706179	0.900520997560896	0.964326503270432
LCP1	23.3270475499776	0.00473538356664396	0.0647485821735441	0.900639278697401	0.964326503270432
COX5A	9.91049251701631	0.00459769330396705	0.0650872745912447	0.901252822097221	0.964326503270432
ITGAL	9.82620257491735	-0.00428261634386357	0.0681267620397021	0.901149887906684	0.964326503270432
GNG5	10.5565036282437	-0.00412208153036266	0.0667900360118522	0.90804283388978	0.966957202249296
RPS20	28.5666600308908	0.00450633288256552	0.0583578607901428	0.909333299208277	0.966957202249296
C11orf58	8.16188401452775	0.00407839648160411	0.0677869238798157	0.907634639033129	0.966957202249296
MYO1F	8.15346900007903	-0.00408638424199386	0.0679101535604986	0.906336423917486	0.966957202249296
REX1BD	7.45255979291068	0.00379010063005823	0.0682004879874019	0.913085596618941	0.969448905052209
CSDE1	9.54688067559596	0.00311925326248767	0.0650943250788125	0.933466111563983	0.970404090761366
DBI	12.8177952917056	-0.00201577686845541	0.0668365132136192	0.920094473574568	0.970404090761366
UQCRQ	7.91271553624334	-0.00308322130072858	0.0671453419919369	0.930370502187353	0.970404090761366
BTN3A2	7.89805571578256	0.00319142319663911	0.0699195812970045	0.922965756776775	0.970404090761366
CD164	7.79602304378278	-0.00322188639828903	0.0654623088090595	0.929956384492994	0.970404090761366
TRBC1	23.9360332086981	0.00229579449379513	0.075096039545707	0.924142244181227	0.970404090761366
TSC22D3	25.3661960650227	-0.00247883452008585	0.0717496885306953	0.933353543353251	0.970404090761366
SARAF	20.5931263147155	-0.0032782484266294	0.0622067735946319	0.933291477206618	0.970404090761366
EEF1D	49.1562255083841	0.00351692187323886	0.0465131333600259	0.925470868453612	0.970404090761366
RPL6	118.970302150778	0.00304995238860349	0.0407830469263438	0.930865529343518	0.970404090761366
TRDV1	23.7820266111838	0.00134850502668788	0.0776121822780341	0.928187711349532	0.970404090761366
SYNE2	14.784836317889	0.00328782986979246	0.0659381926510707	0.925845765238237	0.970404090761366
NOP53	15.6095253013176	0.00309832736999352	0.0645681287916235	0.933731843145384	0.970404090761366
TTC38	8.67429789899906	0.00151611533870174	0.0736372054133628	0.929396665173456	0.970404090761366
TXN	7.55855792457752	0.00283486278397755	0.0675965989143384	0.935943213376582	0.971235189748248
COX4I1	34.8629283597416	-0.00320721367774321	0.0481126660866983	0.938418145783697	0.972336873944553
CCNL1	8.23979161984349	0.0023899370506975	0.0687125536930232	0.944403367770267	0.973448909880025
RPL37	162.345402037132	0.00181708790976486	0.043262582689886	0.94515097645328	0.973448909880025
ADD3	8.62236170399637	0.00252012416730199	0.0679783506782152	0.942398218078125	0.973448909880025
ACAP1	8.37473745806511	-0.00234742963231587	0.06860214905201	0.942742616329061	0.973448909880025
BTF3	34.4753537636847	-0.00254508189762462	0.0504353183836262	0.947147237164818	0.973505115411476
GIMAP7	13.7928755027178	-0.00147477204950536	0.0740279872727569	0.950865461564698	0.973505115411476
PSMA7	12.941677329547	0.00237824832492542	0.0629608359850386	0.950836575720234	0.973505115411476
RPL13A	77.2699070780084	-0.00278382439886558	0.0516800875605321	0.950100698900021	0.973505115411476
JAK1	13.4385317856634	0.00218429281102407	0.0647190392508725	0.953884550892253	0.973698176578442
SF3B5	7.7795333646992	0.00202710079464821	0.0682518313179536	0.953551874522267	0.973698176578442
TRAPPC1	10.9101531211868	-0.00190060132909462	0.0652407402221005	0.956425233643235	0.974845275180068
HNRNPU	11.6464936778102	-0.00179302129099243	0.0635500491349837	0.961293942426427	0.978358331936956
PLEK	14.0179464116399	-0.00128190159585195	0.0700643725311801	0.970809232054536	0.982755165777887
RPL24	66.3568651128155	0.00155242913033439	0.051508184967617	0.968691119887286	0.982755165777887
RPS3A	168.374795859583	-0.00197608008804739	0.055930836558303	0.972946675652341	0.982755165777887
COX6C	18.8832031600726	0.00133687757867302	0.0598358180634409	0.973571585200396	0.982755165777887
SRGN	43.7690059984961	0.00159646428055441	0.0549809395312597	0.971800341946441	0.982755165777887
PDCD4	8.22611883158539	-0.00113311369855986	0.0669827646089386	0.974184626541452	0.982755165777887
HNRNPA2B1	34.6019200968337	-0.000786620385381928	0.05412312665026	0.983757397242671	0.986625494610725
AOAH	8.91668756569246	-0.000687151254510035	0.0736227286909866	0.979568551319042	0.986625494610725
RPL10	314.813956589381	0.000816752653699624	0.0442768568963896	0.982992493489995	0.986625494610725
TMEM258	11.4139368181922	0.000864908631968202	0.0669349569489645	0.981041786435225	0.986625494610725
CXCR4	10.4321364187627	-6.92734220424527e-05	0.0766614105760897	0.997489559266089	0.997489559266089
DAD1	9.21223932989797	-0.000129391429995955	0.0651112834163595	0.996850194553557	0.997489559266089
