""	baseMean	log2FoldChange	lfcSE	pvalue	padj
RPS29	32.3067425809881	0.913867122307528	0.21356045879333	4.9175581430002e-07	0.000436187407284117
RPL39	88.543556570457	0.358370011312266	0.0905027753101504	3.02416205826717e-06	0.000877835657923067
DDIT4	5.54245818138313	-0.773361531365668	0.194292289343735	3.95867264001383e-06	0.000877835657923067
RPS21	54.0527171944872	0.477003509109414	0.119827056606226	2.42172313060895e-06	0.000877835657923067
RPS27	148.937620701953	0.428277085981911	0.119132662787967	1.17626297708014e-05	0.00208669052134016
RPL37	81.4961058465564	0.276664293257668	0.0974432877453283	0.000192572252120155	0.0213514484538222
AC007952.4	4.16956744758393	1.53725778525942	0.627897209341811	0.000149879193068273	0.0213514484538222
CCL4	5.01959180402783	2.76767915289378	1.13912197755284	0.000186464833502461	0.0213514484538222
NFKBIA	21.5616651909597	0.754654216549925	0.30807140138874	0.00031044246951546	0.0285752895619749
RPS28	92.3987948976395	0.253414057502687	0.0941196907516387	0.000322156590326662	0.0285752895619749
RPL34	98.8113913600975	0.203710615073946	0.0803532012562828	0.000583991820289859	0.047090976781555
ID2	9.39691277537265	-0.533528452373937	0.268877119110463	0.0011349332542554	0.0838904830437114
AKAP9	2.44428991393341	-0.0381467049518936	0.0758618517303796	0.00238976506151376	0.163055508427901
RPL38	14.445569119178	0.278092896358443	0.257125213010943	0.00496960024105908	0.314859672415672
CD69	8.78382772115672	0.0242453743937088	0.0630831995188891	0.0059353530785104	0.33577890483219
RPL36	45.0427431828495	0.158751448204923	0.100592919562097	0.00605689118073849	0.33577890483219
IL7R	6.68575745144918	-0.02980584218482	0.0670287888866183	0.00785607140946157	0.366754491589074
CD3E	7.91662441752383	0.0242545641677608	0.0630942690821911	0.00764324633796768	0.366754491589074
GMFG	7.74709121715612	-0.218342581644491	0.231178596053274	0.00751053684256694	0.366754491589074
RPL37A	39.4873925053965	0.159931248720935	0.16902509623221	0.0105198316251237	0.466554532574234
TMEM123	3.72534074017248	-0.0421315718504984	0.0790839725114011	0.0110859275116497	0.468248462039681
NFKB1	2.89820141444081	0.0303173916273235	0.0672759264991244	0.0120805835893859	0.471927800840725
MCUB	2.6978966887592	-0.0351465351330384	0.0714838217023656	0.0122371357602443	0.471927800840725
ARL6IP5	4.31003037446328	-0.0399951389092262	0.0763126816120456	0.0127868344076408	0.472580088315723
TAGLN2	16.8056960768062	-0.0649388584205802	0.117197955918982	0.0139480836706756	0.494878008635572
MT2A	4.01469456681698	0.0144211837360697	0.058146211848299	0.0150296023035937	0.512740663203369
ATP5ME	3.38062401234166	0.0380655284640512	0.0741141762958739	0.0169476416032356	0.51838636091499
ACTN4	3.43165727840571	-0.0368005344461845	0.0727479995977378	0.016948370311764	0.51838636091499
RPS9	37.4771178680868	-0.126543178212973	0.150445369069867	0.016658078077976	0.51838636091499
BTF3	20.4805178379879	-0.101432270393707	0.170506559941531	0.0175520259678367	0.518954901115706
GDI2	2.71861190229409	-0.0265456500890645	0.0641846726502403	0.0184729745146175	0.528565432079539
DYNLL1	2.85809860257232	-0.030456386107647	0.0670566149307587	0.0191223209716447	0.530046834432777
SELL	23.3823055598653	-0.0521386752371138	0.0905694525758173	0.0207053415880966	0.540165823195343
SRSF2	5.06119239006256	-0.0391641947398204	0.0748524761919552	0.0202923714941659	0.540165823195343
ABHD17A	2.68216107881532	-0.0254108634023398	0.0634212101196884	0.0214769552921658	0.544287409832886
CD2	8.71747542511566	-0.040948646131243	0.0761070010648688	0.0264868147885747	0.583615281573426
CDC42SE1	3.49851903563196	-0.035634259870745	0.0709094017138281	0.0283885290343409	0.583615281573426
HLA-A	68.2938955358633	-0.0929289572146456	0.127148381743385	0.0252880010336175	0.583615281573426
RAC1	3.16783053763093	-0.0349336325832855	0.0705572015813685	0.023755362232796	0.583615281573426
RPL36A	10.9104366449014	0.04814160874171	0.0837418175689593	0.0261864046137068	0.583615281573426
RPLP2	61.5682765517437	0.0887601613120181	0.0675252264116028	0.0285796325165504	0.583615281573426
RPL13	114.221572269592	-0.0907978709224055	0.0696446355454121	0.028278022745188	0.583615281573426
PGLS	2.55856145940882	-0.028075415119992	0.0649756860368029	0.0287550925954983	0.583615281573426
EWSR1	2.736830687874	-0.0305022477106845	0.0666907631561451	0.0289504761998092	0.583615281573426
CLEC2B	3.81876168308022	0.0316331671011855	0.0675214325276181	0.0305057054199011	0.588229580596789
RPL18	60.3469795555129	-0.0887661748278534	0.0707521111497598	0.0299271583258792	0.588229580596789
LCK	3.82541354673453	-0.0341292130950076	0.0694212526770595	0.0312345209577036	0.589101713507726
FCMR	2.4546359527866	-0.0233514263856557	0.061930929933078	0.0354998119350842	0.589101713507726
TMA7	12.3487615773379	0.0669792690013656	0.105385329380838	0.0339395482456836	0.589101713507726
FYB1	7.83573653311421	-0.0390790874688702	0.0735354803079248	0.032732098057797	0.589101713507726
RACK1	37.8478149236254	-0.088149384611401	0.0874092846196537	0.0338140377993288	0.589101713507726
ANAPC5	2.50892159236513	-0.0241934883233441	0.0624355704325066	0.0322292060559663	0.589101713507726
PSMB10	6.07278943678922	-0.0371486384897806	0.0716179206585386	0.0358641403939314	0.589101713507726
EIF1	38.2874292615044	0.0576432083554434	0.0927105385821381	0.0357650838146936	0.589101713507726
CALM2	6.86452489282337	-0.0438143968167988	0.0779501206367037	0.0366517120456517	0.591092156081693
JUNB	15.1545629730112	0.0275455053213011	0.0644183134477731	0.0374780273246288	0.593625182802602
FOS	27.2909144038886	0.0198127721706365	0.0601304895389398	0.0385005820867029	0.59912309317378
SH3BGRL3	25.5211159726576	-0.0562004917965213	0.0780756998231899	0.0546507701264976	0.606660866730269
LAPTM5	6.50596369964857	0.0391829342178938	0.0725644549095251	0.050028975224939	0.606660866730269
RPS8	86.5469946258676	0.0701172583911496	0.0677377518378514	0.0596244888203847	0.606660866730269
DENND2D	2.70590855347688	-0.0229164775385894	0.061420172758204	0.0533852435577578	0.606660866730269
ENSA	2.8121519971822	-0.0269540971664722	0.0639504624530744	0.039961515214461	0.606660866730269
NR4A2	3.2044472757437	0.0142920605619427	0.0579430517041244	0.0557006633687497	0.606660866730269
HSPE1	2.71541632296269	0.0218374666762962	0.060871304108931	0.0616002495719206	0.606660866730269
CASP8	2.4950152338251	0.0238654083710313	0.0621128062595394	0.0437088822415492	0.606660866730269
H1FX	3.76737126460454	0.0145287829484683	0.0580059141735456	0.042617472527315	0.606660866730269
COX7C	10.6080199398264	0.0498284440431678	0.0789563151710722	0.0642003680947443	0.606660866730269
CANX	2.53166346534267	0.0226731356340578	0.0612344176920278	0.0603331529051045	0.606660866730269
CLIC1	14.5910117917882	-0.0515760256027851	0.0822145810370625	0.0523332365583522	0.606660866730269
HLA-DRA	2.96146135022262	-0.0148211563108285	0.0580028231918772	0.0642910050424412	0.606660866730269
SYTL3	2.66171080525603	-0.0256974662261964	0.0629872248927593	0.0502669536377793	0.606660866730269
SEPT6	5.11261005831499	-0.0283390420147114	0.0643284915395327	0.0571236481960744	0.606660866730269
DPP7	2.60549722912756	-0.0244607811664662	0.0621676683148607	0.0586883556566743	0.606660866730269
CD44	6.86221876187155	-0.0310172263525349	0.0658855951608767	0.0619853704727917	0.606660866730269
TMEM258	3.40106721445267	0.0246085796185094	0.0622123878188289	0.0586491382687011	0.606660866730269
CTSW	40.6352821851408	-0.0523196607623241	0.0845106406864821	0.0472100670631337	0.606660866730269
TBC1D10C	4.49111257368353	-0.0315551760758086	0.0662631820360207	0.0640552604751784	0.606660866730269
UCP2	10.5662840222476	-0.0277477402292692	0.0641850546121302	0.0561895723429481	0.606660866730269
GATA3	3.28820672083354	-0.0208495182342899	0.060320102458355	0.0642482610467149	0.606660866730269
TPI1	7.4542010983136	-0.0379521933399036	0.0708567296864035	0.061446763176097	0.606660866730269
C12orf57	4.87337416391293	0.0291806355399423	0.0649961474662654	0.0550189744396959	0.606660866730269
BTG1	27.5149667678896	-0.0464469092977273	0.0778932807779938	0.0516137662865041	0.606660866730269
NDUFA12	2.58027786906997	0.0242533649296421	0.062296967576981	0.0453248500211085	0.606660866730269
SNRPF	2.48730227674427	0.0238003001796416	0.0620348981228384	0.0472920774380048	0.606660866730269
EIF5	3.20035809870749	-0.0245020483445408	0.0623786775521045	0.0443827141123074	0.606660866730269
RPS2	76.9556819237492	0.0718810129206604	0.0613452856977782	0.0541597487690594	0.606660866730269
CYTH1	2.49130919521067	-0.0244083181933215	0.0621585127438397	0.0618852850956081	0.606660866730269
OAZ1	9.70399703145711	0.0421775828960687	0.0743331019442331	0.0591227307122073	0.606660866730269
RPL18A	66.6149479316829	-0.0744593386399925	0.0734617085035855	0.0529812423024284	0.606660866730269
FXYD5	18.4757805333988	-0.0378446101475805	0.0709829256586624	0.0544531645868235	0.606660866730269
ZFP36	19.6665538697534	0.0173776254977267	0.0590325100271682	0.0461183073641025	0.606660866730269
PPP1R15A	5.20909892721414	0.0155187545885522	0.0583470624349761	0.0424281572992422	0.606660866730269
CD37	10.606428769679	0.0455437141796483	0.0776761420844869	0.0480925397228498	0.606660866730269
RPL13A	34.4511231082166	0.0674752740936316	0.0894787400655856	0.053079788665114	0.606660866730269
UQCRQ	3.23721364601364	0.0231221255012619	0.0614517241271537	0.0676054653882216	0.631221555782659
NDUFS8	3.19411760179423	-0.026093498308521	0.06286514285283	0.0688034292605862	0.635715018272291
NCAM1	3.34834467603841	-0.0203029245997877	0.0600467145986618	0.0725326297833563	0.655010781426142
C1QBP	2.58934322661997	-0.0211978318712907	0.0603846748976064	0.0731071785357249	0.655010781426142
NDUFA3	3.19119368957089	0.023795196273246	0.0616176752832533	0.0720820104078757	0.655010781426142
ANKRD44	2.46695145241333	-0.0213008116490783	0.060440061350546	0.0739121178861456	0.655600485650111
MT-ATP8	22.2914887752756	0.0228220998723682	0.0611665883510522	0.0753641892123065	0.661861740904118
NDUFA1	4.53006764625068	0.0281871028267722	0.0638302547967996	0.0776583398844228	0.668766480363912
CNN2	4.5676682670635	0.0202693853963202	0.0598520609847684	0.077474004666984	0.668766480363912
SEPT7	7.13824976024441	-0.0377181818347382	0.0694255452414183	0.0786523090277478	0.670813443342426
PTPN6	2.4705914917546	-0.0195277434046925	0.0596902919213936	0.0799320241868292	0.675235290035405
JUN	14.8557460207775	0.0123443152893197	0.0572156299521522	0.0868264671353844	0.687532328539602
RCSD1	2.49260005088839	-0.0216134417645906	0.0604154813877324	0.0891389151996101	0.687532328539602
CAPG	3.29941815079978	-0.0202090385217244	0.059838230723403	0.0879492141289818	0.687532328539602
RPL35A	61.9449670949474	0.058050056138181	0.0658553846392336	0.0879886559166001	0.687532328539602
MAT2B	2.60658638936618	-0.0222270993997943	0.0607284049532093	0.0826263094063247	0.687532328539602
EEF1A1	253.872551480395	-0.0568861045117483	0.0490380523366931	0.0872164577989673	0.687532328539602
IFITM3	19.10632124946	-0.0178909569492744	0.058924738994873	0.0884087089584535	0.687532328539602
CD63	6.84651544769279	-0.0307875726178857	0.0648226298159171	0.0864094877835708	0.687532328539602
C12orf75	3.49403734708995	0.0186325497400695	0.0592538178372186	0.086396963040219	0.687532328539602
IER2	14.9939583208627	0.0241137811875993	0.0615561470727675	0.0850428404588647	0.687532328539602
RPL7	17.9277982357171	0.0447702095512976	0.0716421195832836	0.0922612870920302	0.694253933460697
PSAP	2.54275435009312	-0.0201767770315427	0.0597361598576836	0.0927074200504725	0.694253933460697
CSK	3.20210497722188	-0.0233165756439192	0.0610824831538872	0.0931411703289999	0.694253933460697
EIF3D	2.93952617949441	-0.0239876778910041	0.0614074742369906	0.0908882196318781	0.694253933460697
S100A11	3.57532300288504	-0.0198292561698661	0.0594934354121425	0.0989535277995176	0.696741040794147
BTG2	2.52098312724523	0.0168933052998948	0.0585190746935897	0.0988393194323129	0.696741040794147
CLK1	2.70401412939668	0.0204652556421206	0.0598233357263033	0.0967074937351155	0.696741040794147
CNBP	6.44117164366291	-0.0305457289913122	0.0643250003388183	0.100544366653496	0.696741040794147
DUSP1	23.0775448692852	0.0170117074105678	0.0584991394200896	0.100378296306816	0.696741040794147
MDH2	3.24602782525483	-0.0232036872082391	0.0609304767882826	0.0994247435252021	0.696741040794147
NAP1L4	2.72979777905237	-0.0194128467551283	0.0593414827541463	0.0989884895391979	0.696741040794147
DRAP1	4.79599858128795	-0.0301743615249254	0.0643994226358281	0.0950285866106676	0.696741040794147
NME3	3.54648375659068	-0.0220534241130501	0.0604321829935464	0.0977936395079491	0.696741040794147
C1orf162	4.25536208862223	0.0215400422856438	0.0601322872773658	0.106019318117374	0.698971713907232
PIM1	2.49119331425097	0.0160378975736402	0.058175419879779	0.111319678128082	0.698971713907232
COX7A2	5.41455094381886	0.0281054911109603	0.0630277216053165	0.105558652246695	0.698971713907232
NDUFB9	3.38047473929845	-0.0210916400791885	0.0599360541280431	0.105249864994535	0.698971713907232
UBXN1	4.32493733513762	-0.0239891778185562	0.0611183265211619	0.103931229808036	0.698971713907232
ATM	4.70949999107006	0.0247634794526638	0.0614274006933441	0.11313855084959	0.698971713907232
FLI1	2.52372383513503	-0.0192023603071421	0.0592352941088128	0.107442033376429	0.698971713907232
USP15	3.02885346522557	-0.0207915632578888	0.0598562639135331	0.109850246277606	0.698971713907232
NAP1L1	2.50718658936463	0.0187091093123728	0.0590455441268117	0.110018921118399	0.698971713907232
HSP90B1	4.99620659135911	-0.0250300264511605	0.0616377323356813	0.103438126515514	0.698971713907232
AL138963.3	3.74668764141746	-0.0142639468788258	0.057626507164211	0.108526411149027	0.698971713907232
RTRAF	2.68883120179284	-0.0184865629258588	0.0589691525643031	0.102822370763273	0.698971713907232
FUS	5.39331862290828	-0.0215976352880711	0.0600618888008597	0.114262568789796	0.698971713907232
ACTG1	26.0959703252872	0.0313363278256894	0.0642523233172484	0.113490703480288	0.698971713907232
CD7	33.2210741419373	-0.0353941522168798	0.0663415395404158	0.112540547213229	0.698971713907232
RPS19	99.3289832999234	-0.0535488324751625	0.0592691725329935	0.110195947320754	0.698971713907232
MRPS6	2.46896777937232	-0.0206473787891595	0.059772717924936	0.111635625857639	0.698971713907232
CAST	3.54479762287499	0.0191169424500443	0.0591202329911281	0.116188057547413	0.699886013166936
PSMB6	2.80155734551532	-0.0213412265884645	0.0599424322680656	0.116779176943299	0.699886013166936
SUMO2	7.56779642086942	-0.0325521003005597	0.0646410113793986	0.115750118799865	0.699886013166936
RPS14	95.7773060189913	0.0528362833080859	0.0547835330534134	0.117859125036258	0.701617744343362
NDUFV1	3.65655119579326	-0.0200868995094816	0.059434946912913	0.119464212677486	0.701753355264438
NOSIP	2.49196568632171	-0.0184221150300062	0.0588648559008741	0.119254718067959	0.701753355264438
RPL12	55.8337295839953	0.0483704400043532	0.0652196132942783	0.120477719207286	0.702450827157617
BAX	3.22924636848538	-0.0188260299208445	0.0589046166729259	0.12116682813429	0.702450827157617
SEC61G	3.87339694161633	0.0226453621117781	0.0603828380602103	0.12198037435464	0.702575273068611
S100A10	10.6754020477337	-0.031041277511428	0.063512294180755	0.12402379914109	0.702678119420012
S100A4	13.7661016811843	0.0136473746946936	0.0567473126728168	0.132313736431466	0.702678119420012
ZFP36L2	35.4276993916354	-0.0321202985162232	0.063997730674096	0.125350395909963	0.702678119420012
CYTIP	2.97736704305809	0.0160117589978761	0.0579934052003287	0.135264283132757	0.702678119420012
ITGA4	5.53833514804668	-0.0223118089992757	0.0599777769172993	0.136824766156011	0.702678119420012
ARPC2	10.4947360965627	0.0305209220789528	0.0629584710932399	0.135918446933667	0.702678119420012
DOCK10	2.5965096963691	0.0145562960568486	0.0575643071005121	0.137411448786945	0.702678119420012
MTRNR2L12	49.6877793863036	-0.0142577086089659	0.057512391737318	0.138726164373414	0.702678119420012
MBNL1	8.01395808027015	0.0223566201033906	0.0599445849131962	0.138905942491754	0.702678119420012
MED10	2.45550480460653	0.0172762203839436	0.0582926333104388	0.141307392613906	0.702678119420012
ANXA6	5.12390157430132	-0.0262960165581552	0.0615043006924798	0.133900383698184	0.702678119420012
HLA-DPA1	3.56089659525049	-0.017793438164609	0.0584774864520181	0.141803137966383	0.702678119420012
BCLAF1	3.94075034015899	0.0195038475746777	0.0590848120264782	0.132484119509647	0.702678119420012
CHST12	3.17063947955755	-0.0188759864400583	0.0589859557169881	0.122937276206132	0.702678119420012
ACTB	100.959117653686	0.0354154151418342	0.0645871019814477	0.136321300610997	0.702678119420012
RBM3	7.02842421268915	0.026655582772379	0.0615499275170378	0.139584241036089	0.702678119420012
LSP1	10.0239942211049	-0.026997168279366	0.0618375980818179	0.1322882274738	0.702678119420012
CDK2AP2	2.73313326662809	0.0158067185117525	0.0579443506567691	0.140252551407742	0.702678119420012
HNRNPF	3.280101628505	-0.0203104171608941	0.0593524877164283	0.131049112715051	0.702678119420012
PFDN5	16.323627624201	0.0357751188815648	0.0651401127414095	0.13000943074674	0.702678119420012
PPP1R12A	3.09413526730475	-0.0165821594213301	0.0580979235012503	0.140097210337147	0.702678119420012
ARGLU1	4.99353267894545	-0.0225048757335681	0.0601913905972639	0.129113872318863	0.702678119420012
ISG20	4.19644719803875	-0.015409524556729	0.0577156773515381	0.140682740697882	0.702678119420012
ACAP1	5.4986256246513	0.023803929921805	0.0607488887764252	0.128029839910726	0.702678119420012
APMAP	3.19202324752202	-0.0202455110761733	0.0593154821468772	0.135252110359106	0.702678119420012
SYNE1	4.00731515691393	0.0187855927012169	0.0587791128463126	0.144227559121042	0.710721360779801
RABGAP1L	2.76611089046717	-0.0169973434360131	0.0581560414997972	0.153613016037687	0.718507793042476
RPS27A	107.737545932328	0.0463430885870384	0.0555040411059777	0.150543784505943	0.718507793042476
SEPT2	2.91207140066052	-0.0170526125012717	0.0581377797493893	0.153028825523847	0.718507793042476
TMEM14B	2.60221407963737	-0.0155158619997135	0.0576925951359751	0.157735835587788	0.718507793042476
HLA-F	6.85519877228833	-0.0227209950164476	0.0598056980819711	0.152225291341051	0.718507793042476
HLA-B	106.383042738881	-0.0351690007508915	0.0635467867956736	0.151988452690265	0.718507793042476
RPS12	129.872730959605	0.045934977839322	0.0581315494695429	0.146837697719391	0.718507793042476
FIS1	3.03845270513617	-0.0181137377429659	0.0584019943898989	0.158762520398373	0.718507793042476
TRBC1	3.37943864518856	0.0142378450903425	0.0574518845632917	0.159578393719693	0.718507793042476
FNBP1	2.56066269206744	0.0165102649903803	0.0579963712825808	0.157086263238987	0.718507793042476
MAP3K8	9.95335417732364	0.0165681509511129	0.0580484828858994	0.154914334372713	0.718507793042476
KLRF1	10.3123821236774	-0.0262508774204849	0.0609262269036538	0.158015426757155	0.718507793042476
KLRD1	18.2726359826954	-0.0295798107531637	0.0621770424216678	0.148409338705234	0.718507793042476
ATP5MC2	12.0709547562534	-0.0324970427934683	0.0628716653458766	0.153368085476434	0.718507793042476
RPL41	188.68249663951	0.0445848647016995	0.0561258062171939	0.157687534565525	0.718507793042476
HSP90AA1	8.8369902534882	-0.025394007977336	0.0606446176186949	0.158737915478854	0.718507793042476
UQCR10	4.12799427151785	0.0204062829984403	0.0591023877136615	0.159006033108038	0.718507793042476
RPL28	104.384140012318	0.0444060630610098	0.0568898119935977	0.161281631003069	0.722509124746072
CLDND1	2.47711561465632	-0.0153357354026846	0.0576307251381249	0.164595674761884	0.731752123305709
B2M	258.380657081827	-0.0431848770204876	0.0517855075019594	0.164994841782572	0.731752123305709
UTRN	3.02070165833602	0.0140904839218116	0.0573828251085407	0.166989201984902	0.736912548062725
IFI16	2.63443551349786	-0.0128514698475328	0.0568786949878843	0.192363220768529	0.737878713602095
HNRNPU	4.78722427741753	-0.0199561061894603	0.0587430299083215	0.172592014194149	0.737878713602095
PCBP1	12.2488188020701	-0.0277860733624764	0.0604925881926658	0.183369641988907	0.737878713602095
DUSP2	25.6187836110091	0.018101321535821	0.0582774919906821	0.174215793101075	0.737878713602095
ARL4C	6.59827157581796	-0.0241559654913149	0.0598218721807493	0.18148636694603	0.737878713602095
RAB7A	2.57184912192672	-0.017213548397042	0.0580289443998128	0.174555234857021	0.737878713602095
HNRNPDL	9.37636871240269	0.0245018190870186	0.0600598535561455	0.169335855941061	0.737878713602095
IQGAP2	2.62043884637161	-0.0160379350982272	0.0576571090522187	0.18380948904025	0.737878713602095
WAS	3.00649355521192	-0.0157463485252443	0.0575231540908543	0.192808788849476	0.737878713602095
SSR4	7.44194482620407	-0.0255209646559398	0.0604010449156903	0.170538007204953	0.737878713602095
RPS20	8.37992605350925	0.0239787372959183	0.0595501485023021	0.186336192440874	0.737878713602095
ATP5F1C	3.42895775986823	-0.0172671499789445	0.0579748424975016	0.180985766181788	0.737878713602095
ARHGAP9	5.45924710456142	-0.0186705817977225	0.0582438412906943	0.186405142634008	0.737878713602095
SRSF9	3.48181882060703	-0.0169141401231972	0.0579459578712945	0.173979484281958	0.737878713602095
N4BP2L2	4.75384928747451	-0.0177329543888066	0.0579369986149253	0.192694705410405	0.737878713602095
RPL4	19.7714575936659	-0.0358552989594809	0.0617262011949611	0.172270163055875	0.737878713602095
MCTP2	2.66803684295778	0.0161705826558095	0.0576322158758395	0.192996461731326	0.737878713602095
UBE2I	3.46253700997072	-0.0191431312865615	0.0585579874797575	0.174804504458502	0.737878713602095
RBL2	2.63297227315765	-0.0162550449952889	0.0577344530913601	0.179642266247506	0.737878713602095
COX4I1	17.231263947288	-0.0348884208529992	0.0612278480794596	0.17517353264976	0.737878713602095
ANKRD11	2.78365447942413	-0.013231655853472	0.0570276465119337	0.185110582604237	0.737878713602095
NCOR1	2.98813546005457	-0.0155367097979814	0.0575180443139065	0.188523292295731	0.737878713602095
RPL23	8.4573653578799	0.0236305009266351	0.0594624116543134	0.192088376702182	0.737878713602095
NME2	3.36626635538291	0.0158894768162223	0.0577250107298069	0.178271510297009	0.737878713602095
ATP5F1E	20.8435549313579	0.0297591257951689	0.060316520605428	0.191569752106369	0.737878713602095
GZMM	4.7731164465396	0.016054545948452	0.0578191305789222	0.176277374084851	0.737878713602095
RAD23A	2.87890081005376	-0.0165651669919213	0.0577768945788546	0.188386145758533	0.737878713602095
UBA52	30.2519112925633	0.0334627069139421	0.0603088193024449	0.188075417727888	0.737878713602095
FBL	2.8669620035373	-0.0161507502873017	0.0576737883940571	0.183277979092883	0.737878713602095
RPS11	16.5206248497926	-0.0306453845268226	0.0601321355336441	0.191628684690578	0.737878713602095
MT-ND3	79.2618742761812	0.0235705700133367	0.0595270409454924	0.181518044165297	0.737878713602095
TMEM59	3.34059973571776	-0.0169530848218013	0.0577815610379371	0.193923331648675	0.738240322628218
DAZAP2	9.50657253491098	-0.0258984840560572	0.0598849871586082	0.196740861019829	0.745765571472599
RPS24	84.7454138581417	0.0401058494390262	0.0485619080811967	0.19789843999158	0.74696134584056
RSRP1	6.94709083525652	0.0181415097591296	0.0580909107197459	0.199255992370912	0.748898581495759
ITM2B	11.9526737545532	-0.026081022950778	0.0594788577913844	0.20197432792819	0.749586731683281
SEC11A	5.62922375962156	-0.0194941897940484	0.0582137451213181	0.201249891052017	0.749586731683281
ITGB2	11.7798912555601	-0.0203596631849405	0.0585505603960051	0.200661227107421	0.749586731683281
ARRB2	2.76429757842892	-0.0150738920122654	0.0573012431710411	0.202879636606795	0.749809323625948
ADGRE5	4.49675735409873	-0.0188269087171935	0.0581258022326643	0.204667726093018	0.753279141263515
ARHGDIA	3.8649223911706	0.0177934366597809	0.0578955644058098	0.20766972300855	0.761169604580924
EID1	3.95398615854496	-0.0181886197792136	0.0578880500360095	0.208571043614677	0.761327225046168
SMAP2	2.70726370822646	-0.0129769112009417	0.0568230430562745	0.213605783145345	0.772188548175304
LDHA	4.73230432932792	-0.0181285665648199	0.0578138245986783	0.214523293177992	0.772188548175304
EIF3M	3.04807893920454	-0.0150496144821247	0.0572284566064995	0.21502882908602	0.772188548175304
SNRPD2	9.42164349632636	-0.0255342621832524	0.0590800247480691	0.213868684728689	0.772188548175304
XCL1	13.2908711093878	0.0163998630234874	0.0574411301097886	0.217599280564962	0.778268394601295
TPR	2.50689615151647	-0.0145038440277134	0.0571293847389323	0.220155010777407	0.784246966102651
KRTCAP2	3.61209723563716	0.0155328885897707	0.05690916428381	0.26040476748889	0.795119044491887
XCL2	15.0530350128749	-0.0177146500807157	0.0573713418772914	0.237538471371177	0.795119044491887
CXCR4	4.04542777898587	0.00931293172424903	0.0561715369176788	0.253818410008959	0.795119044491887
BZW1	3.89692941469607	0.0155431090244197	0.0568528211280272	0.267323774340083	0.795119044491887
SPCS1	3.69274823821792	-0.0141069372624143	0.0566479530423226	0.26677081205787	0.795119044491887
H2AFZ	3.52526248487439	0.0147720020888993	0.0567594760859494	0.265814049536	0.795119044491887
NSA2	3.54733293452766	-0.0133285176687712	0.0566675567186899	0.244252370677516	0.795119044491887
TCF7	4.61993930509336	-0.0121141673500783	0.0565570995302307	0.247208486723738	0.795119044491887
RAB24	2.72302051840818	-0.0132513908321851	0.0567482722013721	0.249271985687172	0.795119044491887
DEK	3.00078994526151	0.0137264094987188	0.0568925298170519	0.23043000942386	0.795119044491887
HIST1H1E	4.42977668333856	-0.0104552859487434	0.0563535606837652	0.252735703202806	0.795119044491887
TUBB	3.75017496223966	-0.0147549608185393	0.0568492784493726	0.254092783203	0.795119044491887
LTB	4.03212266972338	-0.0108118866763749	0.0563408858840077	0.258604140816302	0.795119044491887
PSMB8	4.87254537698432	-0.0184950469749203	0.0574505817182884	0.249368764958248	0.795119044491887
CD164	4.00609615460474	0.014061522080116	0.0567811270899613	0.255675247579311	0.795119044491887
SAMD3	3.80425328128774	-0.0148768247564469	0.0568167892850571	0.257969921883456	0.795119044491887
TNFAIP3	8.82078889974353	0.0132106695944028	0.0567254918545641	0.242628128433746	0.795119044491887
STK17A	6.79187952561817	-0.0171767027950921	0.0575906523678381	0.229540346476929	0.795119044491887
SAT1	2.82511445321793	0.0119921254139368	0.0565288869392083	0.240700011400697	0.795119044491887
DDX3X	3.40251938021218	0.0152271238916395	0.0571024902865637	0.234136312004012	0.795119044491887
FLNA	4.67827670414266	0.0160520275332251	0.0570305955050226	0.264190088959658	0.795119044491887
UQCRB	8.19129252483361	0.0219967024134841	0.057646916763551	0.254021227706282	0.795119044491887
FAM49B	4.03589029774401	-0.0166567537942043	0.0573143207631396	0.237108335707163	0.795119044491887
LY6E	10.0632753470926	-0.0223395267946158	0.0584169898178456	0.235799890066695	0.795119044491887
EEF1D	22.7023740363748	-0.0305927630893372	0.058227028759042	0.225974940303413	0.795119044491887
VCP	2.52093243851985	-0.013383428463284	0.0566306076485757	0.261373631569108	0.795119044491887
RPL27A	13.2579522151804	0.0206066770463975	0.0573569347494427	0.267075262446393	0.795119044491887
PRDX5	3.3621072695381	-0.0140350342818989	0.0567690046211414	0.261777519519364	0.795119044491887
RASGRP2	2.4851945522863	-0.01194699479636	0.0564849945010334	0.258170747003867	0.795119044491887
FAU	57.2706079123898	0.0329978334467973	0.0499454835261789	0.261054443122714	0.795119044491887
NEAT1	7.06101154872228	0.0124196458989226	0.0565653640062962	0.262205047019186	0.795119044491887
ETS1	5.12312744134431	-0.0140377744133756	0.0568626182181447	0.232927698847119	0.795119044491887
M6PR	2.53068241442231	-0.0133366492094325	0.0568339386134085	0.228262952046069	0.795119044491887
OSBPL8	2.48607785935255	-0.013320452812421	0.056587094670412	0.266023665041646	0.795119044491887
SELPLG	2.96311512854772	-0.0136640880244461	0.0566734982185499	0.268027727511921	0.795119044491887
RAN	4.65868757821653	-0.0143919837064671	0.0569975766255108	0.228235974191022	0.795119044491887
POLR1D	2.84672967240535	-0.0130427617472449	0.0566639890672526	0.24685550508638	0.795119044491887
TRDC	10.8652988127376	-0.0135709267818545	0.0566886685058682	0.260284876883342	0.795119044491887
PTGDR	4.27935030805118	-0.0143092961443864	0.0568709057078463	0.249673746196008	0.795119044491887
GPR65	3.60607708383729	-0.013774041858196	0.0566764808801907	0.260680368229226	0.795119044491887
CRIP1	4.09685487352974	-0.013899611781115	0.056837047785012	0.231918757255792	0.795119044491887
COX5A	4.85011841057162	-0.0178693033732552	0.057307045336744	0.252254399656031	0.795119044491887
IQGAP1	4.3163917416086	-0.015671167712621	0.057236228906436	0.228973262544132	0.795119044491887
LITAF	8.88636032938699	-0.0174199984981095	0.0572731846294758	0.245748160907997	0.795119044491887
PRKCB	2.57490945756285	-0.0133335429076375	0.0567411865256008	0.243225703579769	0.795119044491887
RPL23A	51.2748580627838	0.034480500294227	0.0507884489253131	0.249377835372117	0.795119044491887
RPL27	26.8410994308568	0.0261488884341967	0.0573932487334173	0.260868924277912	0.795119044491887
UBL5	5.60173360347663	0.0178839834427327	0.0573615039873133	0.257384691355216	0.795119044491887
NDUFB7	3.72760374536959	0.0161583087843361	0.0571332071522402	0.249567092746688	0.795119044491887
EMP3	8.15764117300755	0.021541032613998	0.0577322144375727	0.259130130117873	0.795119044491887
RBMS1	3.19670213748659	0.0119901959569755	0.0564285854669799	0.272015304318512	0.799677088030018
PAXX	7.59630943011965	-0.0188639709707679	0.0572067081539252	0.272268861989927	0.799677088030018
SLC38A1	3.26001438121587	0.0128322697678906	0.0565582445641608	0.270972581117686	0.799677088030018
TSTD1	3.74212180989242	-0.0154481637098914	0.0568122355382505	0.273388769268882	0.80031629815676
MZT2B	4.02404059755435	0.0157576604415917	0.0568255620704097	0.27585095812826	0.803153424393792
SP100	3.20187294219591	-0.014674801879742	0.0566495959273274	0.279090874012614	0.803153424393792
CMC1	18.2597415276654	-0.016092147312813	0.056646597444556	0.283024479380341	0.803153424393792
PNISR	6.3018536127344	0.0162164830310006	0.056839105206519	0.28212947210511	0.803153424393792
CLIC3	5.19163720813075	0.00908133465541961	0.056104183019843	0.281295231483696	0.803153424393792
CELF2	3.9392249531361	0.0135149063251333	0.0564931229846925	0.283412651448993	0.803153424393792
PHB2	3.7496810099424	-0.0150204634559863	0.0566731661487501	0.279217259880848	0.803153424393792
NACA	35.1265545467974	0.0313561967250609	0.0524274199095874	0.282259973325224	0.803153424393792
NEDD8	2.84770645590747	0.0129652656545276	0.0564679649436564	0.28091655138055	0.803153424393792
GZMB	6.21262051092618	-0.0102938466764448	0.0561580497007604	0.283072232249493	0.803153424393792
CD48	4.18386667898091	0.0138160680952567	0.0564656578176095	0.286637582279596	0.807268216507759
EIF3H	4.58741479036795	0.0153141653710474	0.0566803554080355	0.287972745425244	0.807268216507759
HSPA8	10.9908668836338	-0.021483214785541	0.0568491522335807	0.288505101051815	0.807268216507759
SEPT9	3.82285406856956	-0.0140502552230018	0.0565022280386724	0.287557791990086	0.807268216507759
RUNX3	3.5914907174646	0.0122889680101612	0.0562918566960616	0.309193276065834	0.812860057564992
MCL1	3.72455796820122	0.0116900404155783	0.0562338964532578	0.301481673363634	0.812860057564992
RPL31	18.5453159911115	0.0240643675944239	0.0563739915324328	0.294946108488838	0.812860057564992
WIPF1	5.12024896717722	-0.0152491341975722	0.0563255583662341	0.311510009191105	0.812860057564992
SUMO1	2.55058448738574	-0.0125705480604922	0.0562727615755034	0.311581081817472	0.812860057564992
PPP1R18	3.08428935292468	-0.0127900304745435	0.0563468852656345	0.297398401771611	0.812860057564992
RPL10A	37.2836740205566	-0.0273017411604427	0.0543860432326069	0.299253742544643	0.812860057564992
FYN	3.69644579650234	0.0121154793402384	0.0562076916942662	0.310158952329862	0.812860057564992
TOMM7	11.2009809952038	0.0184964877832965	0.056460845355166	0.311146469055755	0.812860057564992
KMT2E	4.98244607663786	0.0141069484590557	0.0564164541932945	0.303980690010513	0.812860057564992
BCAP31	2.98239713288781	-0.0127524815952686	0.0563147485097849	0.297537811588389	0.812860057564992
ANXA1	6.44884168553501	-0.0130982211137269	0.0563371700805518	0.29568822394599	0.812860057564992
RARRES3	5.8083089474074	0.0176522647656125	0.056678861982237	0.297064198547596	0.812860057564992
IL10RA	5.17159598225982	-0.0132984696723262	0.0563024868468274	0.299115917524002	0.812860057564992
KLRB1	17.6684657575568	-0.0151255888892543	0.0564398212733121	0.300033855459469	0.812860057564992
ITGB7	2.93346426465355	0.0110852977572588	0.0561564377336051	0.306336012609163	0.812860057564992
PSME1	12.5124112651792	0.023065930652456	0.0564737619933571	0.294572224751335	0.812860057564992
KTN1	2.8675454857703	0.0109442591490045	0.0561279176672981	0.303661433560704	0.812860057564992
RPLP1	161.481028223038	0.0271838798397004	0.0529470809859964	0.310018839151754	0.812860057564992
ALDOA	2.59073279800169	0.0122868988521604	0.0563934644167526	0.291966700240886	0.812860057564992
EIF5A	5.11459568339108	0.0123834065179049	0.0561840611043892	0.304522039535446	0.812860057564992
UBB	11.62723264336	-0.019738987686963	0.0564175220610586	0.304673129363875	0.812860057564992
LUC7L3	4.79382138943652	0.0122901113163993	0.0562133864368107	0.309270421742914	0.812860057564992
PTGES3	3.38006038376089	0.0129175962223761	0.0562335343731868	0.313630528988461	0.815807270418666
RPS3A	80.8212769608644	-0.0223075558834494	0.0492757857336596	0.316452076031783	0.815967998372649
RPLP0	47.1229806719988	0.0232186627382777	0.0555138682241892	0.316069265152257	0.815967998372649
LSM4	2.64666509329209	-0.0109028810649983	0.056060906378281	0.315448801810985	0.815967998372649
UQCRH	5.07700362211912	0.0141955443919769	0.0561243121884832	0.327498008044982	0.817475135478274
TPM3	7.30144344121359	0.0171099518719114	0.0563399596099928	0.324335366146646	0.817475135478274
GUK1	5.57568542709685	0.0156748457433374	0.0561881696832452	0.330860849646788	0.817475135478274
TMSB10	80.9172299882235	0.0211715821789768	0.0528302195848297	0.327646189922398	0.817475135478274
HCLS1	4.77684564134997	-0.014631402956451	0.0561782532382399	0.32967256507011	0.817475135478274
TRA2B	2.76699224999152	0.00992951119300085	0.0559483681659114	0.330744607059717	0.817475135478274
GPSM3	5.98849818151473	-0.0103992069886229	0.0546764247613941	0.320571566770136	0.817475135478274
HLA-DPB1	3.58875018435534	0.00882121483495378	0.0559193930354533	0.321998335679792	0.817475135478274
LINC00861	3.85850566516661	-0.0135327032497202	0.0561694459536839	0.325893264303644	0.817475135478274
MALAT1	352.694215530426	0.018238568394914	0.0558416906912407	0.324033900386214	0.817475135478274
HNRNPA1	18.7184252397025	0.020791566769413	0.0556370310865236	0.324766914631394	0.817475135478274
IL16	2.68810828299723	-0.0116050613945166	0.0560596153968065	0.328022704157295	0.817475135478274
ATP6V0C	4.19778771263817	-0.0142956382301072	0.0561837872130914	0.328897013232105	0.817475135478274
MATK	8.96430294778752	-0.0185274110855476	0.0563659511572171	0.321111174435953	0.817475135478274
MT-CO3	130.969993585894	0.0198495572036814	0.0559812714213492	0.326514402019478	0.817475135478274
HLA-C	60.436829692257	-0.0206075484209048	0.0555015153031457	0.333527854248778	0.820347373264746
MYO1F	3.40680962946299	0.00930903300652072	0.0559703783363191	0.333873057213724	0.820347373264746
PLAC8	8.60615036215963	0.0144392691889788	0.0562134880880902	0.33520156689262	0.821336436004846
LEPROTL1	3.28034229869819	0.0115864048694467	0.0559761163227465	0.337629511546043	0.825006547496804
KHDRBS1	3.21499196435049	-0.0116278734542106	0.0559506284352278	0.340145442671912	0.826600020958865
ARHGAP45	3.07144194979624	-0.0117940497100492	0.0558942855678161	0.33962182894898	0.826600020958865
MSN	5.33283011210265	-0.015608582942463	0.0559951157137356	0.342648823764917	0.828145794766979
RPS15	64.1309277557486	-0.027936874416356	0.0464891004113661	0.341986645040153	0.828145794766979
TAPBP	5.29934905891822	-0.0139874719690081	0.0559884299305262	0.346125857780808	0.831341835091336
IFITM2	49.8449968784961	-0.0235261049979728	0.053946799722239	0.346642341991666	0.831341835091336
H3F3B	55.188542909882	0.00853041869145577	0.0522013766935966	0.34678295263111	0.831341835091336
DAD1	2.96730936379873	-0.0117145085073875	0.0559058861506365	0.348685260631373	0.833649127169887
LNPEP	2.68779478381923	0.0107199859123952	0.0559380704786645	0.350292701868919	0.833752164884689
ATP6V0E1	3.54147711095081	-0.0119544398983614	0.0559084150448829	0.352680035729766	0.833752164884689
VPS28	3.73891423280238	-0.0129186682461879	0.0559135555732838	0.35282255211624	0.833752164884689
PXN	2.79272351214355	-0.0105670824822038	0.0558754133356758	0.352552705019684	0.833752164884689
PSMA7	3.8742318057938	-0.0134089889020664	0.0558950827193922	0.353428200672653	0.833752164884689
EFHD2	6.14454077624413	0.0130000330933291	0.0559306587485211	0.359138297499337	0.833915366183015
CSDE1	2.99865161296099	-0.0105942856481971	0.055839071684155	0.358901792292345	0.833915366183015
LRRFIP1	4.39970115794669	-0.0137409374954488	0.055845962421766	0.35692776455775	0.833915366183015
SERPINB1	3.22609835059533	0.0119140772603893	0.0559115117643721	0.354665769890736	0.833915366183015
RPL35	30.9019399044481	-0.023198782150979	0.0527780927510519	0.358562571255811	0.833915366183015
SPSB3	3.22037547390059	0.0104009445374959	0.0558608007442443	0.357532744511586	0.833915366183015
SLC25A5	5.19604833383972	0.0131327791383433	0.0558269846706109	0.362376561868444	0.839237625006031
TUFM	3.1786419489148	-0.0114625204750117	0.0558232309866195	0.363829423012871	0.840408068261501
RSL1D1	2.94989497232061	-0.00826229888999478	0.0557020380398781	0.367577273245407	0.844665910281543
RBM38	3.30955805806717	0.00776605287145563	0.0557907563417411	0.367242334956675	0.844665910281543
TRIR	6.2954932034484	0.0139730162410909	0.0557712959225258	0.369104939607998	0.845984706543397
CD55	2.46347494145805	-0.00864030382281947	0.0557095370449045	0.377073513294012	0.855407177216851
PSMB9	7.79748873645521	-0.0151529470367976	0.0554983742212379	0.37520804570632	0.855407177216851
PGK1	3.98614159280669	0.0132156195129203	0.0557682516169983	0.376679722904643	0.855407177216851
SMDT1	4.76129064799488	-0.0131184808274672	0.0555953905749057	0.37573147392333	0.855407177216851
CAP1	3.79397237169998	0.0113687603234404	0.0557540640135398	0.381521421299771	0.856808865463899
PTPRC	17.1199798193278	-0.0153904813004627	0.055320867416025	0.385308474181637	0.856808865463899
SERP1	4.42966179145231	0.0124054273660644	0.0556680061659656	0.387288806489677	0.856808865463899
CCNL1	4.82493437228196	0.0101112410632537	0.0556714185313842	0.38599201345629	0.856808865463899
BRD2	2.96784502190876	-0.00910539252933988	0.0557068690106991	0.386707176152646	0.856808865463899
TMSB4X	119.54476301492	0.0229491225222275	0.0509353631965733	0.387351020350647	0.856808865463899
DOK2	3.04767878829975	-0.0104664190345553	0.0556464333617076	0.382306166061974	0.856808865463899
SERF2	21.5377557200164	0.0215522937832261	0.0531057361865581	0.380974171071087	0.856808865463899
PSMB3	2.96103873754863	-0.01040894374723	0.055674477852845	0.381418242111289	0.856808865463899
SNRPD3	2.81511402114648	0.00961493253785943	0.0557239281165333	0.382849421315219	0.856808865463899
CDC42	5.3411815467647	-0.0130117104439673	0.0555072955504307	0.39134897321512	0.858206342484967
NCL	7.38709550623455	-0.0125723142834134	0.0555845225953499	0.389910932917345	0.858206342484967
NR3C1	2.57897113550777	-0.00903239852480148	0.055670686723386	0.392386531763045	0.858206342484967
UBE2L6	2.96194567983089	-0.0101224517839556	0.0556652543689113	0.390149940120397	0.858206342484967
LENG8	2.67746891756217	-0.00941616491452585	0.0557007197089115	0.392820490472262	0.858206342484967
RPS18	79.7818270095269	-0.0200262048621277	0.0534297710944307	0.394611313549113	0.86000057768566
YBX1	10.1133175996977	0.0170362405571068	0.0546495553562522	0.405357392513271	0.860590547758575
ARID4B	2.92648195182082	-0.0100610667530427	0.0555772923017577	0.405907167066594	0.860590547758575
EML4	2.45906791212293	-0.00854915260390746	0.0556063427331117	0.401382242792007	0.860590547758575
ZAP70	5.91993754980132	-0.0123382317780581	0.0555609255361083	0.399971967315117	0.860590547758575
EIF4A2	5.22662530320393	0.012120511815682	0.0555508910622976	0.402391877992394	0.860590547758575
SQSTM1	3.21670634642321	-0.0107855634644334	0.0555475373837299	0.402562365416922	0.860590547758575
PPIA	22.1028875853514	0.018873348148139	0.0538330452444237	0.407494960607217	0.860590547758575
COX7B	3.37520084815861	0.0114539214754238	0.0556237647785802	0.399921389519738	0.860590547758575
ABLIM1	2.75910668744154	0.0083355795774199	0.0556498931839315	0.407295748990431	0.860590547758575
MPHOSPH8	2.83964718727345	0.00838210641879912	0.0556544695659154	0.405457233310017	0.860590547758575
TBX21	3.92081506554294	-0.0101800367309493	0.0556465402862162	0.39958336756468	0.860590547758575
FKBP8	2.84240227232102	-0.0105058027777166	0.055590618292189	0.404138667238487	0.860590547758575
EIF3K	8.68087237918652	-0.0155163807305603	0.0549140391779765	0.401585402135144	0.860590547758575
SNX3	3.27806294050358	0.0108742643758069	0.0555143628546789	0.410374686786473	0.864613651257961
SFPQ	4.50912160656462	0.00898066816685963	0.0555327638907871	0.413161611924671	0.867144624411163
GNB2	3.77401534709836	0.0100495326535254	0.0554555431439179	0.419232285605732	0.867144624411163
C9orf16	4.75187903322907	-0.013243049814675	0.0552097621352322	0.418491769942937	0.867144624411163
RPL7A	65.700284592646	-0.0234055606973418	0.0450595900580079	0.419396892753539	0.867144624411163
IFITM1	66.8767913799498	-0.0144457040317504	0.052831646749814	0.416702275874428	0.867144624411163
CTSC	4.60411193239415	-0.00953811340839423	0.0554693551004372	0.414843926970026	0.867144624411163
KLRC1	13.1595150012157	0.0114702181554836	0.0553087152483089	0.418636813995471	0.867144624411163
WSB1	3.11670120506135	0.00960768374643065	0.0555148120472262	0.414770891862503	0.867144624411163
VAMP2	2.90664576252493	-0.00833612798406909	0.0555345859715813	0.42075974371548	0.867939285292165
GNG5	3.90742598877411	-0.0100604788520529	0.0554210289169552	0.423784072096657	0.870713227119574
VIM	10.3737297877838	0.0112571688648587	0.0552803180987997	0.42463781453716	0.870713227119574
MMP25-AS1	2.84432368078484	-0.0071461314685297	0.0555444774395233	0.425049410758484	0.870713227119574
MAGOH	2.66508180753371	-0.00876325826097244	0.0554597714006972	0.42893572582715	0.876649743798807
SKP1	6.04156430771966	-0.0129642742431717	0.0554199315839914	0.430697445242638	0.876983467799794
RPS15A	113.393451078646	0.0246353112971924	0.0448160601656362	0.431076428366077	0.876983467799794
DDX6	3.36345865142381	-0.00997749273341092	0.0554096811016841	0.432388141867074	0.877639088869782
EPC1	5.47942941481883	0.0102490132961099	0.0552874605032196	0.434801074101366	0.878516065439434
RPS16	37.5235107001712	-0.0199528767024043	0.0514237486805812	0.433841263544193	0.878516065439434
SEC61B	5.53499407067966	0.0110812238827121	0.0551912635476695	0.43683886592424	0.880202943841604
LCP1	7.82689286978268	0.0112941264204494	0.0552272921796979	0.437620629350786	0.880202943841604
PIK3R1	5.13908517568268	0.0100198650639317	0.0553863763725587	0.440209557603985	0.880518337087694
RPS13	63.4286728314065	-0.0203298161705121	0.0499520418382954	0.441748207445348	0.880518337087694
KLF6	4.79982957356763	0.00846842274438217	0.0554370163292654	0.440931968968585	0.880518337087694
IL32	13.6757928673144	-0.00630474399972769	0.0555660784100945	0.441251224715555	0.880518337087694
OST4	6.80572185702261	0.0127047165978099	0.0547752480060879	0.447052939270862	0.883297604205199
NDUFB2	4.36122839347066	0.0104557948020583	0.0552758136207493	0.446872805781655	0.883297604205199
EIF3F	7.22161835071526	0.0131797003212258	0.0547999969127314	0.448121670679075	0.883297604205199
PRR13	5.81640493649118	0.011828946933118	0.0551625882870481	0.444306435692668	0.883297604205199
GZMH	2.77741557730965	-0.00554672686590878	0.0555649183457821	0.447718490476482	0.883297604205199
GYPC	3.23645952364003	0.00883494702029856	0.0553725774902982	0.449309082538447	0.883674404016857
SIPA1	2.56297515202237	0.00855573324585215	0.0553808671027254	0.452552876776232	0.88612450706516
GABARAP	5.38098733932875	-0.0121079057417943	0.0549260954047531	0.451965728167845	0.88612450706516
CCL5	20.3216780026971	0.00631584276870131	0.0555251608951101	0.455046226099835	0.889044058481396
RPL15	45.2707792827683	-0.0190118073583827	0.0496231171737569	0.460248768852797	0.890417035587919
HLA-DRB1	2.90566281265968	-0.00622030352958926	0.0555484420365086	0.459264614181073	0.890417035587919
GHITM	2.45753854403641	0.00885042559082201	0.0553232527540636	0.457845095515407	0.890417035587919
TC2N	3.20517038467006	0.00815957936175749	0.0553546907505292	0.461772081590127	0.890417035587919
ELOB	7.86473600400445	0.0122526613012216	0.0547836290595618	0.45988148642166	0.890417035587919
ATP5PF	3.11923616296431	0.00952116337322337	0.0552395131652049	0.461449791666837	0.890417035587919
COX5B	5.22381144593563	-0.0111673859521464	0.0547952168569097	0.4676736427897	0.89093860495929
ATP5MC3	5.54716927486211	-0.0118711634167202	0.054729273226361	0.468069210722694	0.89093860495929
CXXC5	3.32223849145682	0.00818323500545873	0.0553489415951385	0.466535563944811	0.89093860495929
GSTK1	4.58546163949998	-0.0102968093329302	0.0550499241637858	0.464653624650403	0.89093860495929
RBM25	3.48875179792788	-0.00869548101904563	0.055330742703244	0.464971652281192	0.89093860495929
SON	6.48251455683833	0.0119537825678979	0.0548357836849904	0.466925947736779	0.89093860495929
RNPEPL1	3.34854129529617	-0.00936648456303083	0.0551289384605122	0.470493291845251	0.891725533903286
BHLHE40	5.37824597119221	0.00895682535216877	0.0552380104585545	0.469852549201612	0.891725533903286
SSBP1	2.58783136892815	-0.00836154528185436	0.0552571038859353	0.471987903262268	0.892650895935249
PARK7	4.3542416785301	-0.0104668251749002	0.0547195319840354	0.490683708032136	0.894541737067977
SYTL1	3.36951572001622	0.00750945507423269	0.0552613820031956	0.488107314652195	0.894541737067977
IL18RAP	2.842800881154	0.00670403866621003	0.0553800708443266	0.479673940547299	0.894541737067977
ACTR3	4.88537517751145	0.00786312336985596	0.0552547531901056	0.482850465079159	0.894541737067977
STK17B	3.67148206830965	-0.00826203968763248	0.0552706651425675	0.482259431281887	0.894541737067977
CCDC12	2.55274970128906	0.00725849189234051	0.0553603914118478	0.479292380965085	0.894541737067977
FLOT1	2.9992246207221	0.008557013007898	0.0552490719552212	0.478577114727774	0.894541737067977
HNRNPA2B1	15.35501512564	-0.0147966162245964	0.0529866463797502	0.488480521718731	0.894541737067977
TSC22D3	18.423311386659	-0.00730189015558912	0.0553383708021462	0.474254190564988	0.894541737067977
ARPC5L	3.59965930759176	0.0097581414891459	0.0549655254999667	0.489010571389467	0.894541737067977
TPT1	109.796248061333	-0.0178574807803131	0.0503307415550874	0.477774258813941	0.894541737067977
LAMP1	2.66969801555106	0.00697831089402338	0.0553396156128688	0.489849280551539	0.894541737067977
SRP14	9.75041000536701	0.0132238818133111	0.0541063237819295	0.47606873520511	0.894541737067977
RSL24D1	2.64285898874507	0.00784869337562909	0.0552395366852656	0.487878417018717	0.894541737067977
AKAP13	3.29861259285342	-0.00876723734988509	0.0550905609588155	0.486765962843732	0.894541737067977
ITGAX	3.49032032383349	-0.00584400898243163	0.0554565327539746	0.491140728243636	0.894541737067977
BPTF	2.98609639686059	0.00694918544102809	0.0553742661697082	0.490379298715411	0.894541737067977
BSG	2.6643498340519	-0.00790023541768102	0.0552315735318998	0.489852936454158	0.894541737067977
CCND3	7.48566669893375	0.011497781808968	0.0544943200297931	0.495103634006537	0.896447332215792
OGT	3.92961405185003	-0.00745737595710912	0.0552814485729994	0.496021282533437	0.896447332215792
ANKRD12	3.07248779639526	-0.00827131674648819	0.055134265547193	0.496229582996566	0.896447332215792
RPL3	63.399156897331	-0.0180140319678215	0.0492879776782688	0.495521470589093	0.896447332215792
ROCK1	2.83569352392171	-0.00751628082360636	0.0552245826335574	0.497745835524299	0.897358853882222
CBX3	2.99753704958774	-0.00873912743378211	0.0550165972723016	0.500068192424041	0.89971701152155
MYL12A	18.0872613701495	-0.0152061282790464	0.0520602531727589	0.503021530544187	0.901850633734344
SNU13	2.85788040833438	-0.00815618978520281	0.0550933766017221	0.50328755772097	0.901850633734344
MORF4L1	3.83304637645565	0.00887703868629864	0.0549204696299626	0.505412215232736	0.90258892443002
CDKN2D	3.83353276775696	-0.00689006622012106	0.0552673213774975	0.505734718649064	0.90258892443002
RPS26	63.536549681809	0.00764857282869132	0.0551690907603983	0.507871195784766	0.904581828636722
RPL5	41.5728439093179	-0.0171348415011124	0.0489644021792361	0.519662254722004	0.904633521622747
TBCA	3.41291456948775	-0.00803629121329537	0.054922312788274	0.522178537847629	0.904633521622747
HIGD2A	4.42934915616178	0.00884770048454576	0.0548800969961485	0.516574608818008	0.904633521622747
TSC22D4	2.65402335357857	-0.00728448918387049	0.0552204025930487	0.510739880173159	0.904633521622747
MTDH	3.1699262822184	-0.00704647106455554	0.0551434211354762	0.519337562009514	0.904633521622747
OSTF1	3.6585172802873	-0.00923641355592081	0.0547941863702915	0.512093983636362	0.904633521622747
C9orf78	2.66836103603898	-0.00749870545807652	0.0550814958823414	0.521648818981204	0.904633521622747
TCF25	2.77864264438446	-0.00814121697147818	0.055043605989903	0.510627330907053	0.904633521622747
RNF213	5.30945883739456	0.00737482062339645	0.0551199172031897	0.518608798726552	0.904633521622747
MYL12B	8.42495022800067	0.0118414907803097	0.0537527835913825	0.515406235885302	0.904633521622747
FKBP1A	2.86145709151235	0.00719950609680902	0.0551675608434944	0.519727158788932	0.904633521622747
STK4	4.28691624166811	-0.00914517846144791	0.0548338510836854	0.511893708462619	0.904633521622747
ARHGEF1	4.74019933887819	-0.00803844145373244	0.0550390068161328	0.521941404118873	0.904633521622747
MT-ATP6	107.415670401375	-0.0116332655357717	0.0538650096934445	0.513685700109249	0.904633521622747
RWDD1	3.140220583241	-0.00799712636746163	0.0549613988946096	0.525383607561038	0.906644474526538
ITGB1	3.74206480810824	0.00783738659304638	0.0549735221456229	0.524423537863325	0.906644474526538
HP1BP3	3.5488101052769	-0.00684842716904182	0.055106041998583	0.531978533600245	0.907432614045033
AUP1	3.88899500888589	0.00851921826688225	0.0547924640859605	0.531913457535086	0.907432614045033
KLF3	2.69220680776666	-0.00702141101168788	0.0551181636400981	0.527377159996509	0.907432614045033
KIAA1551	3.36164218133793	0.00668795371794922	0.0551167213610592	0.530770771520242	0.907432614045033
PNN	3.32150434273215	-0.00797366180574375	0.0549623494851464	0.530058828521392	0.907432614045033
ROMO1	2.47439684717093	0.00671447078716978	0.055144147783109	0.531194053634295	0.907432614045033
TCEA1	3.26678670236159	-0.00783224232245185	0.0549044646424515	0.534630422475397	0.908462039723519
CFL1	25.8891078657727	0.0141445682224269	0.0517616973004064	0.534149627496055	0.908462039723519
ARF1	5.90610605833266	-0.00866847410794473	0.0545611525331005	0.539667659376836	0.915268095348476
COX7A2L	3.31562097879073	0.00642382352650987	0.0550542407222883	0.545118752011636	0.917771772316514
NDUFB4	3.40854645922692	-0.00754258506404976	0.0548873535423205	0.542881548993246	0.917771772316514
PNRC1	15.4506355223228	0.0102089437458978	0.0539858723395057	0.546925994612353	0.917771772316514
ARF5	3.53314460449026	-0.00821538742612732	0.0546800021921329	0.547133976364833	0.917771772316514
EMD	2.51033780523837	0.00688900018824431	0.0550257977486771	0.548386741068492	0.917771772316514
SRGN	29.6739575829453	0.0112813300026564	0.0534661786673528	0.548000993273223	0.917771772316514
SAMHD1	4.03891052625503	0.00753657211972924	0.0548811511561822	0.545366095847649	0.917771772316514
DDOST	2.55970076844364	0.00666431290715933	0.0549618680763872	0.56721751764017	0.919857203888964
FCER1G	18.7066935331285	0.0112891117832622	0.0531440561822554	0.562489021931105	0.919857203888964
RPL9	42.2649956674873	0.0157753179625656	0.0478008002341769	0.550775013960801	0.919857203888964
SNHG8	3.13976413203958	0.0063454293112764	0.0550431820679021	0.561794884333694	0.919857203888964
CD74	34.1836631960017	-0.00821309457705321	0.054488458597953	0.564008739882494	0.919857203888964
HIST1H4C	3.78955982282131	0.00635271855512687	0.0549890725734369	0.571110081467551	0.919857203888964
AOAH	3.2735598068833	-0.00546540410267325	0.0551593841930023	0.568585075005528	0.919857203888964
GIMAP7	3.47827186997981	0.00616674922739557	0.0550943157094294	0.559020423597638	0.919857203888964
ATP6V1G1	6.85813765883396	-0.0085396461623443	0.0542409725404884	0.572447775137214	0.919857203888964
SET	5.33319154347995	0.0088285894384906	0.0543623601463358	0.559133939727578	0.919857203888964
PPP1CA	5.5238155099551	-0.00939724017075883	0.0542164360041998	0.554596258922444	0.919857203888964
ATP5MD	4.14711006617892	0.00748670281490754	0.0547395552772685	0.558398081669054	0.919857203888964
LDHB	5.36845879639365	-0.00877849736969117	0.0543395394048434	0.564727496701342	0.919857203888964
SLC25A3	4.42789468279562	-0.00861694417421318	0.0544669784889	0.556283366413949	0.919857203888964
TMED2	2.61349215788031	0.00648812239523697	0.0550322757404853	0.555764128198806	0.919857203888964
ZFP36L1	2.89369630379099	-0.00691034553334813	0.0549252165718804	0.55898505091251	0.919857203888964
CYBA	16.4560696701509	0.00926758811094271	0.0539926600350641	0.572046462183295	0.919857203888964
KRT10	4.18169304746906	0.0083327517785874	0.0543946500938002	0.566666032853108	0.919857203888964
LIMD2	13.1972510538181	-0.00966768683849951	0.0538329227371484	0.569596433274288	0.919857203888964
HSH2D	4.95055777646622	-0.00757087913330668	0.0546975187931812	0.571504560104889	0.919857203888964
TYROBP	27.1997745079343	0.0134610379903144	0.0506311234165155	0.568947750339221	0.919857203888964
NOP53	7.27484595252114	-0.0105645228199044	0.0536829748559636	0.553699601553312	0.919857203888964
SF3B6	2.58227994954314	-0.00661025923270179	0.0548890653844559	0.573940751881032	0.920588511606647
TNFRSF18	2.90945327624276	-0.00652884836897371	0.0548620281548678	0.580892578892976	0.921054515740562
SRSF11	4.376706036368	0.00734761756197068	0.0545142659922074	0.598352977184684	0.921054515740562
ARHGAP15	3.53006892990205	0.00684808240246796	0.0546807378607354	0.58954219088155	0.921054515740562
EEF1B2	25.4223161915087	-0.0130318112309332	0.0508201366295079	0.580989690727259	0.921054515740562
BRK1	4.0022549863102	-0.00770389380632864	0.0544315067875243	0.585858966835002	0.921054515740562
RPL32	97.0691482005956	0.0145902031959419	0.0420962849287389	0.598869463420365	0.921054515740562
ACAP2	2.5265404130188	0.00615159964576196	0.0549655492684209	0.590349409349931	0.921054515740562
HOPX	14.8572265538754	-0.00857074095633378	0.0539327107701111	0.593243946109301	0.921054515740562
UBE2D2	5.26621867899357	-0.00718357625679395	0.0544784290372733	0.598711431311732	0.921054515740562
DGKZ	2.94414176014065	0.006137029276149	0.0549497634945525	0.591495725100818	0.921054515740562
AHNAK	7.88907653216507	-0.0082439674191513	0.0540566323138347	0.599152712043184	0.921054515740562
SF3B2	3.78160515508982	-0.00683944392004162	0.054718559080901	0.589862170012316	0.921054515740562
ATP5F1B	3.54095196906831	-0.00725334209545686	0.0546073752715265	0.585806572217654	0.921054515740562
COX6A1	6.09437400334654	0.00942229202613353	0.0537303617214615	0.583926062156999	0.921054515740562
RPL21	22.8168710279286	-0.00475422835562086	0.0552578382509971	0.577882623545751	0.921054515740562
HNRNPC	5.2862183698354	0.00762341092750987	0.0543598878671548	0.593886758538101	0.921054515740562
RIN3	2.67936257369881	0.005974637751017	0.0549909811953354	0.581226319601761	0.921054515740562
VPS13C	2.67747768348701	0.00537594722640898	0.0550255198663268	0.598750094213601	0.921054515740562
CHD2	2.95486468580955	0.00627142894528017	0.0548322538242903	0.593416716656666	0.921054515740562
YWHAB	8.26658463178618	0.00130754061916336	0.0529570480867353	0.592875365825957	0.921054515740562
UQCR11	5.4983243750603	-0.00900318367696983	0.0539535610846754	0.580145900925549	0.921054515740562
RASAL3	2.89784409669648	0.00594978468350404	0.0549152904612597	0.590877458842788	0.921054515740562
LGALS1	3.40224450925489	-0.00419086828298279	0.0553141061733746	0.589927493142539	0.921054515740562
MT-ND4	29.6896578261615	-0.00961851453390083	0.0533661751548069	0.597327167040726	0.921054515740562
SH2D1B	3.79721351388386	-0.00654393736733651	0.0547437877664342	0.604310047540431	0.923338124712136
PRRC2C	5.14100490710942	-0.00716585190141318	0.0544146193512832	0.602139241532991	0.923338124712136
EVL	10.0627562830873	-0.0085224566881532	0.0538849405488773	0.604802086198141	0.923338124712136
PFN1	57.7608628241044	-0.0134528463439344	0.0479079436579598	0.60428663903775	0.923338124712136
PARP8	3.62300273353004	0.005516438171407	0.0549163574915964	0.605972892582429	0.923536006392808
TSPO	4.68359358163433	0.00780707404295439	0.0542015112870211	0.609675797990863	0.92758564805814
CFLAR	4.04628938574811	-0.00674467276832445	0.0544640068970164	0.61156501626679	0.928866728473703
CASP4	3.16477056800466	0.00576247050139259	0.0548246820897584	0.615828949593025	0.932216885356579
ELF1	2.93432794412798	-0.00580644280546521	0.0547605088650838	0.615872711182588	0.932216885356579
HSPA5	3.87962718843683	0.00501446967950126	0.0550141011887531	0.619306075010154	0.935816845884168
LYST	2.9759991231722	0.00508365111632225	0.0549838885834512	0.62160998511785	0.937700776869954
ATP5IF1	4.21521427824029	-0.00698599015102394	0.0541713312371475	0.628365962553847	0.946282867207577
C19orf53	3.33439524808064	-0.00621337851813221	0.0545243420805429	0.629670257439946	0.946639861608868
PRPF38B	3.27516692580721	0.00546968812205128	0.0547877228904476	0.631721539178553	0.948011525832313
XRCC6	2.48047692663195	-0.00555004149306165	0.0547656095312243	0.632720206643438	0.948011525832313
MAF1	2.57749442711683	-0.00558476478523524	0.0547145774161854	0.636421787070003	0.951949620794422
CIRBP	12.2650913678959	0.00885085049039679	0.0528892847518245	0.639526067339389	0.953417048216924
FTL	25.7376086671824	-0.00872482632050027	0.0528202605641261	0.640627464190853	0.953417048216924
DDX17	6.25452893265583	-0.00593210710962714	0.0545526740004766	0.639693396011616	0.953417048216924
ARPC5	2.85741666133707	-0.00547923154630186	0.0547103365635901	0.64410328149716	0.953529160766001
RPS7	66.9605811281137	0.0129906942359179	0.0411599630280478	0.649054210594343	0.953529160766001
C4orf3	4.0632269273505	-0.00542962862004048	0.0546182951510639	0.651513095340853	0.953529160766001
BTN3A2	2.807644943695	0.00490137171734213	0.0547315151183128	0.642414506792469	0.953529160766001
HSP90AB1	8.6503597596791	-0.00783751577450507	0.0532996305206653	0.649303081491892	0.953529160766001
GIMAP4	2.901308492399	-0.00506282620955603	0.0548363876056467	0.651143731222439	0.953529160766001
SARAF	10.9865121806103	0.00843010073119128	0.0529703917967393	0.645533415458675	0.953529160766001
YWHAZ	11.1181370287597	-0.00759991892592615	0.0533556197406082	0.648662372214941	0.953529160766001
FTH1	24.9587107831304	0.00822398090951167	0.0535321826711872	0.653602852024497	0.953529160766001
PRF1	10.2018718607375	-0.00734976900204605	0.0537557815661534	0.64618569020081	0.953529160766001
ARL6IP4	4.72668938340852	-0.00674486886604223	0.0539989385189246	0.652575703245634	0.953529160766001
GPX4	3.01158350640402	-0.00575618759723216	0.0545770497479347	0.643596127970177	0.953529160766001
PDCD6	2.81856529269437	0.00509004527328805	0.0547968700950235	0.654873123665323	0.95381356435327
RASSF5	2.45606163647472	-0.00511604642474954	0.0547179536563351	0.659326403701708	0.955821568482409
EEF2	17.4812405307934	-0.00860848799052123	0.0524494237079931	0.657765480038537	0.955821568482409
ICAM3	5.12859730858323	-0.0065290829365914	0.0540543923962988	0.660562143720086	0.955821568482409
HMGN1	4.33513136680525	0.00635032093808456	0.0541512869405428	0.660420025697613	0.955821568482409
RPS4X	85.4856246874708	-0.0113511361369446	0.0441998727783638	0.662971279877722	0.957181340325226
RAP1B	8.98812914156192	-0.00760582575766996	0.0530922369970469	0.663660117587389	0.957181340325226
ARHGAP30	3.14963367016217	0.00460294867057988	0.0548330234627141	0.666247939833425	0.957798902159234
ADD3	3.9848321300064	-0.00494152165836236	0.0547588414232141	0.665419973185235	0.957798902159234
TMEM259	2.60130204173822	0.00448764627815262	0.0549325514600792	0.668911465224655	0.960071957369367
NONO	2.45068604461869	0.00442294203455533	0.054870186114829	0.670921558089709	0.961401327989615
TXNIP	32.6971998358971	-0.0067276876975737	0.0535023494830019	0.674696573706256	0.961656536584944
TRAF3IP3	5.24004557241885	0.00557999348060621	0.0543289563787837	0.680857164571978	0.961656536584944
RPSA	47.7697052829656	0.0110014542514422	0.0467520689414214	0.677236609104633	0.961656536584944
NKTR	2.84070582785556	-0.00453683729628932	0.0548284840233881	0.67433594964566	0.961656536584944
CCDC85B	3.75540230225712	-0.00517106741164086	0.0544833002616077	0.677681594954122	0.961656536584944
ARF6	5.79892739170669	0.00591558290472064	0.0540529235360381	0.680039836298551	0.961656536584944
COTL1	10.5309577783839	-0.00479405372316693	0.0547042485224742	0.67445041727545	0.961656536584944
CD300A	4.36380955983133	-0.00450814192182373	0.054825383730874	0.67962644311587	0.961656536584944
CST7	13.8386174453255	0.00726748565048961	0.0530525266241563	0.67981958785991	0.961656536584944
ATP5MG	12.7758338816652	-0.00858475135221513	0.0514966380490378	0.682380683723549	0.962276099304909
SUN2	6.96347458651104	0.00633178332945435	0.0537966247081937	0.685177358468391	0.964686217399147
ENO1	4.48286944759932	0.00541649755204645	0.0540064047498305	0.705996426029561	0.965013401539174
TMEM50A	2.71182288604237	-0.00405207965491566	0.0546273106817234	0.722171164999413	0.965013401539174
MRPS21	3.68701151418479	0.00409823525078298	0.0545002922001407	0.726140673252827	0.965013401539174
GNLY	294.672838631052	-0.00767508007017795	0.0494286469179239	0.72795097362771	0.965013401539174
DBI	4.02746926136898	0.00520043909901812	0.0539651921946339	0.717998729318562	0.965013401539174
UBXN4	3.03398032166735	-0.00412459685480878	0.0545481983374807	0.725968244391273	0.965013401539174
CD47	3.27836094336503	0.00420572530615552	0.0546054739773142	0.714140563897326	0.965013401539174
CCNI	10.6057575417176	-0.0066861241379949	0.0523975536300493	0.72097920831424	0.965013401539174
RPS23	92.545373176297	-0.0104626207315581	0.0437502549882177	0.699348657311491	0.965013401539174
IRF1	11.0192787406269	0.0042380697281683	0.0545982924255864	0.714305796408227	0.965013401539174
HNRNPA0	4.39237206657312	0.00600765914255083	0.0540560001273129	0.686644689862302	0.965013401539174
PRELID1	4.81854179437377	-0.00556280868783449	0.0536532232732894	0.719425955874907	0.965013401539174
CUTA	5.72527097325352	-0.00571751140130392	0.0537744509064835	0.703539992402726	0.965013401539174
C8orf59	2.70151798168369	0.00434361348432258	0.0545417436220255	0.713625733958779	0.965013401539174
COX6C	6.22505937927971	0.00659226479311116	0.053396973161411	0.695136922076331	0.965013401539174
C11orf58	3.50831951357069	0.00434041756270976	0.0544533604930804	0.723619309910201	0.965013401539174
OTUB1	2.9267080261721	-0.00462000034367433	0.0544159326331415	0.71193542786827	0.965013401539174
BANF1	3.44564358313094	0.00482505572610501	0.0545615341174427	0.691022987728062	0.965013401539174
ANAPC16	3.91829930210472	0.00538578391540416	0.0541429911534759	0.700602873359053	0.965013401539174
GAPDH	25.1416711731288	-0.00744362309202142	0.0526733865493716	0.693258378528611	0.965013401539174
ISCU	2.51902833447014	-0.00412766513891228	0.0546009419752792	0.715873227838378	0.965013401539174
ERP29	2.86019511229284	0.00421664903595358	0.0544653843469872	0.728309184255042	0.965013401539174
DHRS7	3.0691988827043	-0.0044289681906387	0.054668889749947	0.694733251928551	0.965013401539174
ERH	2.7260747237245	0.00388189677451683	0.0546710272794114	0.726602679887727	0.965013401539174
ATP5MPL	4.26204203746525	0.00428914997538782	0.0545941402906484	0.704949336707402	0.965013401539174
ANP32A	2.44769190892677	-0.00398456420623823	0.0547309486255767	0.711659881845565	0.965013401539174
CIB1	3.0865279756808	-0.00425917096188898	0.0544804057685782	0.724750403388215	0.965013401539174
CORO1A	17.7355698367432	-0.00730785507002228	0.0526936648248184	0.691637050137317	0.965013401539174
SEPT1	3.90912047256508	-0.00479424942798265	0.0544296930730494	0.702713299218624	0.965013401539174
AC004687.1	2.77059635429477	-0.00382612667144642	0.0548504698547164	0.71326442371609	0.965013401539174
TMC8	2.98412151512626	-0.00393745613890876	0.054786779773693	0.715580861723914	0.965013401539174
PPDPF	8.16971145540466	0.00647220975046878	0.0532550867246424	0.699269023692232	0.965013401539174
WDR83OS	5.20939638539305	0.00510980254092834	0.0538951684313694	0.7289278230341	0.965013401539174
BST2	5.9882266018909	-0.00510795685206382	0.0541744957463856	0.706398113379164	0.965013401539174
REX1BD	3.55737087519591	-0.00511327114091245	0.0542964050796893	0.698788308162823	0.965013401539174
UQCRFS1	2.70350309990945	0.00430334116100462	0.0545993985029791	0.711796347885637	0.965013401539174
TPST2	4.64603883363057	0.00553120885855073	0.0541316746674121	0.69607249315326	0.965013401539174
MAFF	2.7505653422079	-0.00357053627644163	0.0549882586555029	0.699403484983706	0.965013401539174
MT-CO2	195.872914667882	0.0068398582794926	0.0523901604392409	0.724663490602667	0.965013401539174
MT-CYB	84.9819317621366	-0.00539918056294961	0.0527223841744909	0.695340564776204	0.965013401539174
WASF2	2.47984774244133	-0.00354812582695786	0.0547202054706163	0.744193305252179	0.965525601573992
GBP5	2.51529580246132	0.00300100595522489	0.0549050321768711	0.753458611780507	0.965525601573992
PTMA	45.3385509930725	0.00715359203203516	0.0490583910206023	0.758468634906556	0.965525601573992
RHOA	9.64272844495649	0.00594410105797343	0.051981296743898	0.754649220646415	0.965525601573992
RPL24	33.6413743357005	-0.00778713545799464	0.0467475304535751	0.752963396508612	0.965525601573992
RPL22L1	4.31197603919624	-0.0044220353170843	0.0541508639755454	0.739031281124826	0.965525601573992
ARAP2	3.711349380958	-0.00285244943352095	0.0549678931506507	0.754271957994844	0.965525601573992
HLA-E	24.463928138401	-0.00652603993305274	0.0512307928662372	0.75442812460472	0.965525601573992
ABRACL	2.49058296801084	0.00290552684368819	0.0549526497270893	0.749399928557993	0.965525601573992
LAMTOR4	4.3170885536122	-0.00445313334214972	0.0538835266921181	0.756762790907389	0.965525601573992
CD99	4.74180054267128	0.00453055783509402	0.0540069732306937	0.745846568904684	0.965525601573992
ATRX	3.3643419959034	0.00397334566245007	0.0545323444486616	0.750232661491249	0.965525601573992
TXN	2.49184138009393	0.00369270217610377	0.0546233275132721	0.748109024113929	0.965525601573992
POLR2L	5.70386655323389	0.00473131242981911	0.053528130946745	0.75964733402208	0.965525601573992
EIF4G2	4.2062584727671	-0.00354009124150676	0.0545115813865593	0.760006178255013	0.965525601573992
COX8A	4.76558488845903	-0.00440430096522508	0.0537625155112984	0.763059128188691	0.965525601573992
TRMT112	3.40602673096461	0.0039464959491838	0.0542949575924901	0.75459577071148	0.965525601573992
LAMTOR1	3.06622980392004	-0.00415971976248459	0.0543745470933104	0.73861122443794	0.965525601573992
PDCD4	3.63836746500029	0.00389752213552772	0.054454698178885	0.746952638477689	0.965525601573992
BIN2	6.35834269807115	0.00489464115571657	0.0535608024833735	0.741780551699723	0.965525601573992
PA2G4	2.4968843613448	-0.00326585113129489	0.0548076742225158	0.741295304888207	0.965525601573992
COMMD6	10.5526133071957	0.00608806870423897	0.0520385909042413	0.739471601085652	0.965525601573992
SRRM2	4.32186718406666	-0.00435694512756716	0.0542499107450053	0.741518524059591	0.965525601573992
SPN	3.00158868807596	-0.00327774191145066	0.0546568114871921	0.761421598314372	0.965525601573992
RPL26	31.5205660326648	-0.00800516145525604	0.0496662971948126	0.740946268300033	0.965525601573992
SLC9A3R1	5.47963668160246	-0.0048453945580982	0.0539506881356844	0.735613144838863	0.965525601573992
LSM7	3.43734847663831	-0.00403520820583857	0.0541356237628761	0.762083408940193	0.965525601573992
AES	6.99821857562033	-0.00561704419005128	0.0531702835434937	0.74148240569165	0.965525601573992
CDC37	4.53337971755422	0.00463892220096185	0.0539667787295709	0.747199946882583	0.965525601573992
COX6B1	6.27072982147048	-0.00513482560333139	0.0531743379380549	0.755755218365476	0.965525601573992
MT-ND5	49.6648862741983	0.00638426288672575	0.0515986907257901	0.751363213282902	0.965525601573992
GTF3A	4.30179570205879	-0.00412753688919636	0.0540320488023492	0.76725717693476	0.968225217359922
PPIB	9.1082238001534	-0.0046700144591683	0.0532786419560664	0.767375792338247	0.968225217359922
SSR2	6.18181139048199	-0.00456750469697774	0.053281917142664	0.776904112504948	0.968651724546152
SPTSSB	3.14689364466886	0.00304974839198561	0.0547395916216337	0.776272655943149	0.968651724546152
AREG	6.04242490444893	0.00168916306723465	0.0553733181288033	0.772548038628124	0.968651724546152
PABPC1	21.5812603262274	0.00535080806770667	0.0524375439553277	0.769316915195384	0.968651724546152
PDIA3	5.97553272102553	0.00425796894138982	0.0536764015350352	0.777339075436771	0.968651724546152
TMC6	2.62593791527779	-0.00262274268456999	0.0549041203710107	0.776634660861735	0.968651724546152
MIF	10.8640314063357	0.00522046749879977	0.0525211241974453	0.774086974978031	0.968651724546152
MT-ND1	41.678137681158	0.0059579187366409	0.0509647840983007	0.775340325863409	0.968651724546152
MT-ND4L	92.5299584300325	0.00596665838538996	0.0506020309379759	0.777542308767599	0.968651724546152
PTP4A2	4.50691842835223	0.00381212521337974	0.054023417989318	0.77895370880472	0.969049003800543
LCP2	3.45602801275746	-0.0029900461949631	0.0546780835454933	0.781722179775527	0.969772830015234
RPL36AL	16.3901254236219	0.0064138446140708	0.0506739949152064	0.780631139107022	0.969772830015234
SELENOF	2.44346680043503	-0.00315341634330843	0.0545110742053235	0.783609971245504	0.969817435894717
ANXA11	2.73524074802487	-0.00326102943496234	0.0544217640452864	0.78394487208175	0.969817435894717
FGR	3.9502985637205	0.00349687575440908	0.0542782076178194	0.785691176339369	0.970167920657245
SERBP1	4.28695221861634	-0.00340583602737069	0.0542241785141768	0.787809679572021	0.970167920657245
HNRNPA3	5.54981621964079	-0.00414569781155969	0.0534907578734211	0.786559524611762	0.970167920657245
RPL19	91.2267530278188	-0.00747352561489794	0.0403988355074863	0.788603236520714	0.970167920657245
MACF1	3.14511683362977	0.00287202840706698	0.0547316396728298	0.789868324380844	0.9703783985122
ATP5F1A	3.48083366695462	0.00345260186231758	0.0541593322338428	0.791106418121316	0.970555176865294
CD52	21.8387013588328	-0.00299391748044094	0.0533064859373341	0.846835481397523	0.971903639388919
HMGN2	4.89313408353756	0.00323694266830268	0.0535969080102598	0.829094995232353	0.971903639388919
JAK1	14.4417077873949	-0.0032898042493385	0.0527050166906936	0.844898034483528	0.971903639388919
ZRANB2	2.92281969043107	0.00263321192370502	0.0545423437086329	0.813801808043077	0.971903639388919
CD53	4.60840793129797	0.003183439812794	0.0538403371179359	0.823888092067016	0.971903639388919
S100A6	5.84167225040018	-0.00244846281595785	0.0547217204772723	0.805413148794401	0.971903639388919
TOMM20	2.93173159180884	0.00279458138293876	0.0545584184352215	0.797942083591585	0.971903639388919
YWHAQ	4.06427026699174	-0.00288822416188593	0.0543518174064833	0.807604477629921	0.971903639388919
CCT4	2.67627657598474	-0.00188801965935608	0.0547623725491435	0.845691344144038	0.971903639388919
MOB1A	2.52584553856914	0.00239439330382152	0.0545536394066046	0.818436361834984	0.971903639388919
ZC3H15	2.64046463544383	0.00251133773189622	0.0545498469724331	0.821313873010684	0.971903639388919
RPL14	50.8436150659484	0.00513237659543719	0.0450034060219767	0.848087279466768	0.971903639388919
PAIP2	2.99305638918212	-0.00227616687660079	0.054354871883507	0.847762079947096	0.971903639388919
SRSF3	3.74120872714592	-0.00291388095848475	0.0544994425568144	0.794606745767042	0.971903639388919
SF3B5	2.91295902009535	0.00261937168157728	0.0541510680934455	0.839985434850832	0.971903639388919
NDUFA4	4.2813638553752	0.00367662262233195	0.0536992211217556	0.800596089940395	0.971903639388919
ATP5MF	4.48270350996418	-0.00315960842800317	0.0535677241017748	0.831077042263959	0.971903639388919
TES	2.45035164684379	-0.0024713344469417	0.054636837738246	0.817014668273156	0.971903639388919
ZYX	2.53172710832264	-0.00201971339923691	0.0548291422178001	0.831896574094874	0.971903639388919
NDUFB11	4.15881207168881	0.00317119508479041	0.0542103903161496	0.80265603173666	0.971903639388919
EIF3E	5.22722633629789	-0.00293070847090184	0.0539897758038983	0.824123787751551	0.971903639388919
RPL8	54.2569116646532	-0.0053587277935073	0.0464077252870338	0.8339491316102	0.971903639388919
TLN1	4.87750100160929	-0.00334880318682505	0.0541147414412508	0.798583278111452	0.971903639388919
SIGIRR	4.26237017011324	-0.00287418431640702	0.0538744525147512	0.835152816306152	0.971903639388919
RHOG	2.85907459263687	-0.00196126144130736	0.0547189744244732	0.846684106953227	0.971903639388919
SF1	5.61990712976745	-0.00366940745736454	0.053661306134761	0.804093700998689	0.971903639388919
GSTP1	9.44011854718518	0.00426791019991669	0.0531918619840616	0.794421248883275	0.971903639388919
TCIRG1	4.74676249606684	-0.00290004363753815	0.0544734689416176	0.806205549419443	0.971903639388919
RPS25	52.6846457539484	-0.00554078560012894	0.0459346273927125	0.830984573776069	0.971903639388919
TBRG1	2.56969647453947	0.00226798170029854	0.0546943582194421	0.817561099133387	0.971903639388919
KLRC3	4.48577915538133	-0.00215838640311148	0.0548330383370376	0.82598045468215	0.971903639388919
EIF4B	4.672997779209	0.00260020472632147	0.0540333121767136	0.845863132998568	0.971903639388919
RPL6	52.3664063560301	-0.00588001772402551	0.0465255058114993	0.820236960269257	0.971903639388919
SRSF5	9.54074274162702	0.00454982060310063	0.0522453859097668	0.807507943920508	0.971903639388919
ITGAM	3.28026573995636	-0.00188299688912432	0.0549440176963739	0.835137942662856	0.971903639388919
APRT	4.9538955973087	0.00277169275467173	0.0540975493459971	0.838001431709434	0.971903639388919
TRAPPC1	3.74868941691749	-0.00318857982224668	0.0541743488123256	0.8057769679408	0.971903639388919
P4HB	4.24170988185155	0.00329849965737943	0.0538748446452281	0.813791278875369	0.971903639388919
RBM39	8.86424064004948	0.00414194185401519	0.0527533358821787	0.810882678293674	0.971903639388919
ZFAS1	3.43498991522238	-0.00301709559937497	0.0541823592162713	0.810399383830901	0.971903639388919
ATP5F1D	5.8232077104465	0.00261845464508125	0.0536316663459284	0.841329836541567	0.971903639388919
C19orf66	3.1579663113029	0.0024512743926397	0.0544671481182328	0.832357993686838	0.971903639388919
KLF2	12.5164487903193	-0.00334754389557248	0.0524609470002784	0.846309940595856	0.971903639388919
JUND	3.52841311925197	-0.00229562534079695	0.0547547342444926	0.82814854292661	0.971903639388919
HCST	21.2653468324005	0.00416916336322634	0.0506013442392572	0.846768268057274	0.971903639388919
TGFB1	5.27113170927583	-0.00332559368193937	0.0541391789991384	0.811474455129195	0.971903639388919
SELENOW	3.3925171662507	0.00278471133460077	0.0541209242167199	0.831430268003608	0.971903639388919
NCR1	2.4757950056803	0.00111208874811112	0.0546117728995908	0.838703490079655	0.971903639388919
RPS5	35.8244207212496	0.00549807723219218	0.0472626357102205	0.829229906864659	0.971903639388919
IL2RB	16.2897179081104	-0.00362057948531201	0.0536892864302436	0.8037920467346	0.971903639388919
MT-CO1	197.072241146961	-0.00528440896779272	0.0523924101975034	0.81998647068292	0.971903639388919
SRSF7	5.34468462913034	-0.00290412937640103	0.0533796616923639	0.849624003384892	0.972119120720726
RASSF1	3.31656917084796	-0.00211831811693741	0.0544426444940227	0.857043012856378	0.972119120720726
CBLB	2.81732598921687	-0.00195283159184012	0.0545849659469959	0.855177974011254	0.972119120720726
GZMK	17.3783823564155	0.0025751843817291	0.0537006675672133	0.855370044375227	0.972119120720726
NPM1	11.8216465770662	0.00323233239163435	0.0522682115203089	0.855309183853571	0.972119120720726
NUCB2	2.75995582447458	0.00196768528194339	0.0546412543759365	0.856124372376611	0.972119120720726
RPS3	102.470866571797	0.00504784998925842	0.0397853551991758	0.856406631218356	0.972119120720726
XBP1	4.58024132442642	0.00239449342887854	0.0540985823199282	0.851531792803183	0.972119120720726
NDUFS5	3.33922606227147	0.00212624548538625	0.0541853333214044	0.86005729321582	0.972874962406061
RBM8A	3.77371790872973	-0.00211489909039926	0.0542094288825374	0.86287461647908	0.972874962406061
CD247	6.13582773798323	-0.00232730510461316	0.0538805707802088	0.865423652472885	0.972874962406061
RPS6	57.1229261938037	0.00406782136638816	0.0446765904938975	0.867580716193004	0.972874962406061
ARPC3	10.2398214928105	-0.00323623544671233	0.0520316181128144	0.863361092135994	0.972874962406061
MAP1LC3B	2.93468146572271	0.0019709154036896	0.0544717156201645	0.861501197358293	0.972874962406061
ZNF207	3.00110702345358	-0.00201646306548049	0.0544130047722135	0.860797114573319	0.972874962406061
CALR	4.964184656179	-0.00224092638917291	0.0538942773968213	0.86730945864442	0.972874962406061
CALM3	3.24025178251977	-0.00172240539013658	0.0546900963009925	0.864782563487642	0.972874962406061
SDF4	3.19558039804074	0.00154953948429521	0.0542899460123802	0.889516333547265	0.973127262128384
CAPZB	4.17696708370598	-0.00189859405667394	0.0538098366721221	0.891926493449648	0.973127262128384
ATP5PB	3.33064400018667	0.00115537573377914	0.0542598612086621	0.892972811231378	0.973127262128384
JTB	3.91542832730242	0.00298483777644857	0.0538623800167241	0.872298746558069	0.973127262128384
UFC1	3.10859653607568	0.00204130850723085	0.0541503308363141	0.881236724358044	0.973127262128384
VAMP8	4.00246597888961	-0.00202025937441505	0.0539547381244327	0.880610369007246	0.973127262128384
SF3B1	3.77847396563929	-0.00199556522527518	0.0541395864320707	0.874267948239165	0.973127262128384
WDR1	2.96957417796376	0.00171048052452965	0.0542770469121369	0.888598260911467	0.973127262128384
HINT1	12.4322218081922	-0.006083955980008	0.0513572681526559	0.880643966997825	0.973127262128384
TAF7	2.49369675302224	-0.00138260639722686	0.054665769881258	0.892926279471079	0.973127262128384
CHCHD2	9.17616573726567	0.00289615918984174	0.0517260447780128	0.881166192843767	0.973127262128384
SLC25A6	8.65566457308609	0.00224909212414665	0.0528895763295813	0.89300559421452	0.973127262128384
EIF2S3	3.05726189750069	-0.0014512320713641	0.0546064340468871	0.889704404325709	0.973127262128384
HNRNPK	6.81310875089135	0.0020836842663377	0.0532650239176305	0.893494022149566	0.973127262128384
PRKCH	3.61897636037736	0.00211659223423817	0.0540106689088028	0.874187805799911	0.973127262128384
TMED10	3.33103903180216	0.00178877594885314	0.0543026259222724	0.880989718629792	0.973127262128384
RPS27L	2.54609897023868	-0.00154047485063112	0.0544773700087976	0.894136097671514	0.973127262128384
RBBP6	3.09920969224866	-0.00193090574314321	0.0541314086210571	0.87746511995787	0.973127262128384
CHD9	2.52757110220698	0.00123398095188012	0.0549811125759142	0.884033712332555	0.973127262128384
CDC25B	2.78791488343594	0.00146563285147492	0.0545964478640069	0.888062089256017	0.973127262128384
GNAS	2.87587610582603	-0.00184180252478201	0.0543835472145904	0.875287697534296	0.973127262128384
DDT	2.46469742100419	-0.0016871390875528	0.054536527709808	0.877277241031684	0.973127262128384
RAC2	15.0066763331723	0.00285316923470884	0.0512093916485298	0.889162188990684	0.973127262128384
MT-ND2	21.5433700915893	-0.00249671470787688	0.052036283548415	0.890775308866406	0.973127262128384
SRP9	3.31581404591173	0.00150037395910325	0.0542342553001386	0.900906631450469	0.975441067429984
REL	2.85884398706132	0.00135790622706288	0.0545423139125217	0.901939349964071	0.975441067429984
PYURF	2.665582108868	0.00148561064837345	0.0542765153976639	0.902860334115014	0.975441067429984
IKZF1	3.54263230781465	-0.0012732071066884	0.054370621752498	0.899658200422499	0.975441067429984
MYL6	17.9116154328725	0.00286095083998668	0.050375812264026	0.900484216115698	0.975441067429984
RNPS1	3.62694230902729	-0.00146769754747884	0.0542647396056984	0.901454728274746	0.975441067429984
OPTN	2.95116768196901	0.00127480559488327	0.0543745506564296	0.907475728335809	0.979234757948737
RPL11	84.8913126478094	0.00279568866166093	0.0418328274666491	0.919429919454877	0.981389095735832
SYF2	2.51647195242231	-0.00137334309667167	0.0545978932291006	0.914244740724759	0.981389095735832
CDC42SE2	2.60355206429346	-0.00122729712152196	0.0543576706549773	0.915719718614751	0.981389095735832
TRBC2	6.00178263430964	0.0015581511108311	0.0533617955677187	0.919285892715083	0.981389095735832
UXT	3.82861708184424	0.00142019681499225	0.0538719029336443	0.916396702531385	0.981389095735832
RPL30	106.546542799273	-0.00268834219320283	0.0439243110651556	0.918950853978324	0.981389095735832
EIF3G	9.00206580807147	0.0016236655646829	0.05336766411796	0.916800856320877	0.981389095735832
NKG7	74.9869250213056	-0.00228086965385215	0.0495105699975393	0.91934127452005	0.981389095735832
MYH9	2.91163878679977	0.00135959795837612	0.054225130083248	0.915120027041292	0.981389095735832
PCBP2	15.5367462930364	-0.00186713506270285	0.0515559154922023	0.922726908367792	0.983724480435374
RPL29	61.6888244046341	0.00258315922876353	0.042353943234013	0.926330562714079	0.985198092478882
TUBA1B	3.21253117804026	0.0011212972356072	0.0542930366455184	0.925790745399984	0.985198092478882
RPL22	28.7062212570059	0.0015850841621527	0.0477377293025688	0.948928690414004	0.991717320732032
SRRM1	4.75866961446852	0.00062489643334559	0.0535292830036444	0.966910754296488	0.991717320732032
ADAR	2.55923571514593	-0.000714404630594014	0.0545813891964639	0.946335638812886	0.991717320732032
H3F3A	18.4148437770611	0.000916359113479785	0.0511826841516256	0.963155979107604	0.991717320732032
PLEK	3.24666824882759	0.00040979193852183	0.0546043387590895	0.968736435634037	0.991717320732032
CD96	2.87726232501375	0.000639930179050218	0.0541830847216105	0.95870585336739	0.991717320732032
U2SURP	2.61934162472279	0.000202462543372472	0.0546849763332098	0.974757741915929	0.991717320732032
AP2M1	2.71588604977836	0.00051993256064936	0.054449093053602	0.959852327034207	0.991717320732032
TXK	2.88299533724835	0.000891535954378873	0.0545553588120395	0.935477405883723	0.991717320732032
IGFBP7	2.92169487901674	-0.000526921013924127	0.0544941506402627	0.962764285805795	0.991717320732032
GZMA	17.679416726225	-0.000995183917315025	0.0539855888371301	0.937279840060053	0.991717320732032
GRK6	3.35387229464865	0.000892987404070547	0.0544674685495566	0.937824937867046	0.991717320732032
HMGN3	4.11724117617343	-0.000497198465592318	0.0536834589026391	0.972926572592145	0.991717320732032
PSMB1	4.12379764774026	0.000556882415789697	0.0535863085915188	0.969968379085414	0.991717320732032
TAX1BP1	3.20847267671273	0.000414222217234288	0.0542948885048244	0.974946452850431	0.991717320732032
SH3BGRL	3.23385912349283	0.000650378481980304	0.0540348753254693	0.952566947697948	0.991717320732032
RPL10	161.949161796883	0.00116448462557571	0.0439675723984047	0.966028113084411	0.991717320732032
ANP32B	3.46973785144737	0.000880463725380382	0.0543536126748273	0.940914515030579	0.991717320732032
AKNA	3.01740549921433	0.000465995881376141	0.0546347724496238	0.966573373307432	0.991717320732032
SELENOH	4.8656720718397	-0.00114123162791599	0.0536754196110179	0.935405563367813	0.991717320732032
BUB3	2.63838050456781	-0.000376480871743288	0.0545610428483362	0.971180696503084	0.991717320732032
TMBIM6	4.46935469541374	0.000783969336821185	0.0535696174053732	0.956082422891049	0.991717320732032
HMGB1	13.9559158535046	-0.00121114143921227	0.0508653894054205	0.959371157416945	0.991717320732032
PSME2	7.50738517612506	-0.000720532793453099	0.0534376257822849	0.960828061238247	0.991717320732032
CALM1	20.2065463024159	-0.000272299269168633	0.0494218614742716	0.972895436058368	0.991717320732032
YPEL3	4.17768081607991	0.000827850497173923	0.0540095753883932	0.94976519554151	0.991717320732032
SKAP1	3.46906973039718	0.000721919790795507	0.0540720704602563	0.955365803758861	0.991717320732032
DDX5	22.6430662507135	0.00150870976807079	0.0499991767787421	0.945718677938352	0.991717320732032
SMCHD1	2.98433040354218	-0.000458255283529257	0.05462424923834	0.966997422754641	0.991717320732032
VAPA	2.45272546751122	0.000327045719571444	0.0544720279757316	0.972504278079248	0.991717320732032
RPL17	6.38571699111321	-0.000753579911833948	0.0533260353486641	0.960508169733291	0.991717320732032
MBP	5.52982872122997	0.000255579108759578	0.0537235605366545	0.972977568677055	0.991717320732032
RALY	3.88101544589142	-0.00067457413945313	0.0539388446943633	0.960851583226722	0.991717320732032
TBCB	3.26890738529598	0.000950890358698327	0.0541736596169158	0.941003252998253	0.991717320732032
EIF3L	5.07349047395936	0.00102453288438362	0.0534459486100086	0.946325375443037	0.991717320732032
ST13	3.10156682801249	-0.000477625399782753	0.0541918932994254	0.968884473446913	0.991717320732032
TRABD	4.63221749651289	-0.000428430523733289	0.0540137934694011	0.973557979477354	0.991717320732032
SOD1	2.87920231681913	0.00085346353189475	0.0542830909396218	0.943542076651863	0.991717320732032
FMNL1	3.88154245103651	0.000328027509684551	0.0540507905459361	0.977978606560871	0.993662112278915
UBE2D3	5.20087168445676	-0.000363679167260439	0.0533940355255593	0.980127078194344	0.994137380112313
SCAND1	3.1373719843392	-0.000246063179528694	0.0546052002907309	0.980687945432101	0.994137380112313
BIN1	3.12712188008961	-0.000155311677002754	0.0540087349501762	0.994265373741775	0.999813492571518
PPP1R2	2.57817722083879	-0.000112012416229323	0.0544091826391744	0.990561933347597	0.999813492571518
SUB1	6.21409132546685	0.00637132730285688	0.0540212148534916	0.996908827324308	0.999813492571518
RIPOR2	5.18976251971912	5.0785727923611e-05	0.0535730292621186	0.988777552297158	0.999813492571518
EDF1	7.52673932906429	-0.000247740232302819	0.0528056883327346	0.988621514410492	0.999813492571518
ARHGDIB	19.0323110207362	-5.79525664923675e-06	0.0485062146758813	0.998686307123298	0.999813492571518
UBC	13.8372766187936	4.66578482309273e-05	0.052212924594552	0.998652343016525	0.999813492571518
SAP18	4.14031918992339	0.000164695317938958	0.0536279093400489	0.991180085424073	0.999813492571518
PKM	2.44599766611969	-0.00011513986932687	0.0544263132938535	0.996406542635877	0.999813492571518
NT5C	3.13242990686446	0.00010010334804499	0.0543454031106098	0.992742484448692	0.999813492571518
MT-ND6	13.7273844861046	-0.000113385766760259	0.0534532043770623	0.993929818195257	0.999813492571518
PRMT2	5.43151501935736	1.3663175383723e-05	0.0535577983670649	0.99998431432484	0.99998431432484
