""	baseMean	log2FoldChange	lfcSE	pvalue	padj
CD3G	10.3729338227187	0.599367802631451	0.187834171371746	6.59830586771366e-05	0.0106209833528352
RPS9	31.2319606138413	-0.432521672899933	0.134231981057795	7.2006666798883e-05	0.0106209833528352
FLNA	10.3786370482815	0.706780357482307	0.236279629772048	0.000108163832798612	0.0106361102251969
RPS29	28.7323021329485	0.649348464565115	0.244846113909591	0.000253195555351042	0.0186731722071393
TMA7	20.0248325015925	0.364024045215295	0.142743516213012	0.00059840038234318	0.0312716747583779
CD3D	22.1092169046074	0.376237359929204	0.1515416220108	0.000677363060072324	0.0312716747583779
ATP5F1E	32.1877463573117	0.376127677665895	0.15532299740547	0.000742039740029306	0.0312716747583779
RPS3A	61.538138668443	-0.267966510734486	0.111097022511235	0.0013682881749281	0.0432116869242159
RPL13	97.5961765982342	-0.233516642958884	0.0947220394554737	0.00146480294658359	0.0432116869242159
RPL23A	42.7603580256204	-0.314560651236639	0.134134248283087	0.00126580583458413	0.0432116869242159
S100A6	29.6973643973168	0.421116958554487	0.252249351418403	0.00284500023379119	0.050409577390631
RPSA	49.6691619442235	-0.313638642506716	0.145216959032223	0.00199750530172035	0.050409577390631
RPL14	52.2129700301585	-0.211271224001396	0.0936423015017084	0.00290495869708721	0.050409577390631
HLA-DPA1	9.12988569921169	-0.625842178727101	0.350723405407076	0.00248558063455371	0.050409577390631
HLA-DPB1	9.6319731273231	-0.460593151899202	0.241108911749292	0.00209620858960211	0.050409577390631
RPS26	53.8946757320361	0.506445360912858	0.329915915994326	0.00269375039393073	0.050409577390631
RPLP0	59.1608746024341	-0.351457834472318	0.171081750355777	0.002247068826728	0.050409577390631
RPLP1	166.435437618288	-0.190065901498584	0.0844861276374392	0.00369282959946042	0.0605213739911569
CD44	9.1898629906509	0.391877799553063	0.256207566015366	0.00416812318246333	0.0644975712368509
RPL18A	70.4641889953269	-0.221099529201199	0.108710807060538	0.00437271669402379	0.0644975712368509
SARAF	18.6876982518189	0.312594475824825	0.220954314505878	0.00607907549220438	0.0742504439343383
RPS6	50.4596258839595	-0.258192887152211	0.146180573942526	0.00563974330497438	0.0742504439343383
AHNAK	9.25722391314332	0.398006174068237	0.481333788809789	0.00654410692302643	0.0742504439343383
CD27	12.3334724754541	0.0803049643815628	0.148346036535973	0.00631734021200274	0.0742504439343383
RPL21	17.6694936879431	-0.0887615015236664	0.163662866192835	0.00605859891749674	0.0742504439343383
RPS19	72.8458243339617	-0.29324626339789	0.176720049899095	0.00537040132182115	0.0742504439343383
RNF213	8.64293460950308	0.378423613156798	0.502736789461022	0.00693734834981986	0.0757969541924763
RPL4	23.2087214570464	-0.258074687059711	0.170038299865194	0.00798911598819606	0.0841710434470657
S100A10	27.0835892919335	0.224044457365758	0.485917884158897	0.0111991713428644	0.113922605039483
RPS18	66.5936624267056	-0.222605725426555	0.160671833538264	0.0124690783080251	0.122612603362247
MT-ATP8	19.4373326344632	0.091065702231984	0.161821182222159	0.0136222653845133	0.129631235110691
RPL32	79.9411499614624	-0.154820958578891	0.0867198141514726	0.014213476725278	0.131030488561157
RPS3	82.1958467214733	-0.178249604438309	0.113575197242535	0.0153046963658415	0.133728209581961
VIM	36.0484948556683	0.158154038664078	0.297977661894886	0.0163193747286461	0.133728209581961
RPL26	29.4647789352333	-0.188339449533663	0.133996688891892	0.0159311240589816	0.133728209581961
RPL3	41.328784456252	-0.211404687458697	0.173930994640415	0.0160976813489274	0.133728209581961
YWHAZ	18.2223653246666	0.195020973153206	0.161721196488837	0.0175591699743707	0.136314609011562
RPS16	40.154850156974	-0.154462079540822	0.0923816823945562	0.0174819717705751	0.136314609011562
AES	19.0413422728205	0.199652342434627	0.191047595917425	0.018121915518979	0.136333734357919
FTL	21.0160755151385	0.196429808479077	0.215915778294217	0.0184859300824297	0.136333734357919
CD52	57.6015981631008	0.18399892965762	0.23121125915071	0.0195069985290477	0.137091555103782
PNRC1	11.4891393589701	0.164703693472544	0.2554488954063	0.0209122711175261	0.137091555103782
MALAT1	287.329881217427	0.0856208928649729	0.14961483329604	0.020612521204851	0.137091555103782
BTG1	18.9884073132019	0.184183664886451	0.229430893637701	0.0204872346923173	0.137091555103782
CNN2	20.3508650035272	0.189472122809808	0.205109392923775	0.0198430598761936	0.137091555103782
RPS27	107.683617314043	0.169309559034929	0.174850475320469	0.0246560552997381	0.148753853661586
GZMK	38.8711384003081	0.102249519445521	0.167597005297594	0.0255184801578523	0.148753853661586
GPSM3	13.157731409997	0.165385207226417	0.227261270691477	0.0236486770997432	0.148753853661586
DAZAP2	10.6834812497033	0.174973482544691	0.189898286081407	0.0248172908780788	0.148753853661586
RPL6	50.2491433313474	-0.144572380968554	0.0966294050457824	0.0262210182725507	0.148753853661586
PSME2	9.20933517102725	-0.112905357454873	0.188131271544855	0.026052001944917	0.148753853661586
SEPT9	9.1753025713789	0.119234892781218	0.198833913790291	0.0239790928812845	0.148753853661586
CCNI	14.1315258908232	0.148777070548659	0.193854764109576	0.0308396371476456	0.165504794517762
RPS21	48.0061256468537	0.156861101710329	0.146157788996388	0.0297707673374442	0.165504794517762
COX6B1	12.2665297309968	0.15833392299672	0.16020712661793	0.030856826096532	0.165504794517762
HLA-E	30.7769787366989	0.153797360447665	0.153085905721601	0.0317771067801111	0.166926001811815
MT-ND3	58.4720228850726	0.109030704475898	0.172115982640658	0.0322534986551643	0.166926001811815
RPS4X	93.7357578421585	-0.13136484071277	0.0896188649304323	0.0336799796709992	0.168399898354996
RAC2	29.3274874109813	0.149303949265147	0.134223543545988	0.0335658283288963	0.168399898354996
HLA-DRA	9.1206855183815	-0.0971464567703596	0.159712933558166	0.0343771683755567	0.169021077846487
TRBC2	13.0132127323999	0.0822299555626672	0.13997666334125	0.0360469949313283	0.172870487715623
RPL19	81.1832156819094	-0.11676389285758	0.0742839495926028	0.0363321025029444	0.172870487715623
TMSB10	158.43840180944	0.140417022185563	0.137566757934901	0.0383982814447221	0.177444243834092
TMSB4X	286.450646940377	0.140631234872102	0.137290767867836	0.0384963783233284	0.177444243834092
RPL9	29.4085541226883	-0.135407142281709	0.107761709650255	0.0397329628730679	0.180326523808539
RPL8	45.0903037686029	-0.128287321582903	0.101272484849053	0.0445807809694078	0.199262581605686
UBL5	9.09096096743821	0.12656972957105	0.158115206462262	0.046180143154456	0.203330481053202
RPL10A	31.7860915473408	-0.131972013941663	0.137418234691315	0.0482251468224137	0.20542133590132
ISG20	13.4938343117177	0.0910496522769605	0.144679031319507	0.0473717534448865	0.20542133590132
RPS5	32.2532808767112	-0.131253690965591	0.12989047932148	0.0494403893186228	0.20542133590132
MYH9	9.81005950051719	0.0917331966923629	0.144929131596923	0.0487469021341218	0.20542133590132
EEF1A1	210.390983737924	-0.114978918256891	0.0859993637307793	0.0527455257728217	0.2161101403192
H3F3A	28.5403279805995	0.119537161365364	0.143237095350828	0.0538568339576173	0.217640630376673
RPL37	71.3257932272876	0.116838909881409	0.0967389067926285	0.0561228112053075	0.221176341859319
RPL27A	12.3241555093051	-0.0955051396666231	0.144848429471509	0.0562312733540641	0.221176341859319
RPS7	65.7830575334967	-0.108554298130347	0.0820560362215091	0.0590088412175776	0.223836811250469
MBNL1	8.5939315055055	0.0974469102705816	0.143129345061943	0.0599427392840239	0.223836811250469
HLA-C	71.1712366345165	0.114143329981399	0.135256220366033	0.0592394165016997	0.223836811250469
MT-ATP6	111.859325685564	-0.120005549482643	0.135175792780094	0.0593035538478123	0.223836811250469
RPL29	60.0945933521824	-0.104529046726311	0.0817120772516525	0.066888309143472	0.233647781388113
RPL7A	60.3980849760292	-0.110722657521862	0.0939122470352203	0.0666281268328453	0.233647781388113
CD3E	31.3839276799945	0.110119014112193	0.125796611508496	0.0669239108766402	0.233647781388113
RPS2	74.0843679892703	-0.113121231484658	0.133035887900067	0.0660524111909934	0.233647781388113
CCL5	53.2164009770037	-0.0427913550590692	0.106103674905165	0.0673222420948799	0.233647781388113
MT-ND5	40.1943116357937	-0.114664248780288	0.122972546798647	0.0659795371935171	0.233647781388113
EEF1B2	15.6880651209294	-0.103318326587835	0.131083272693995	0.0733185176368068	0.251499566312302
RPL35	25.9939023684492	-0.102574121916785	0.130172661594846	0.0752923512707581	0.255301650860616
SLC25A6	13.8480226569644	-0.102037079076507	0.129717565933139	0.076941937988672	0.257657368527584
EIF3F	10.2497063183571	-0.100590777570475	0.128024139310045	0.0777339179625593	0.257657368527584
TMBIM6	8.7652033123338	0.0791149952639745	0.125480901658184	0.0822359712463688	0.26955123908532
NKG7	33.2202947798751	-0.0371389029209044	0.102875044797744	0.0863429916302322	0.279903104735368
LAPTM5	14.176371538121	0.0911572646765351	0.122789204550568	0.0907500925815768	0.290992144690926
MYL6	35.4722149579817	0.0985945933604244	0.0996177870303154	0.0923733354409901	0.293012193065506
HSP90AA1	12.3188155955587	-0.0836692080150966	0.122221471300437	0.0957717674992447	0.29984071637296
EIF1	41.6161999049498	0.0946062282102726	0.11200043585374	0.0965588747641734	0.29984071637296
UBB	11.7285887035192	-0.0853861420660648	0.121051545206192	0.0987665933045713	0.303501510675506
RPS12	107.050839184335	-0.0946257866136687	0.103676617410435	0.10417028853835	0.31680654761663
S100A4	49.6330630192245	0.077795437207493	0.117375450936771	0.107630819882186	0.323990733318825
GMFG	18.5219073412752	0.0819651596438733	0.116174172885809	0.110465656775828	0.325873687488693
LGALS1	14.1744641319302	0.0307072929098572	0.0999326693581528	0.109889189643748	0.325873687488693
MT-ND4	20.2996568994157	-0.07850322970817	0.115884644482387	0.115741439823821	0.338056680673538
RPS15	71.8309515017507	-0.0843621862097577	0.0753217443224808	0.117595018455427	0.340103239650498
B2M	321.676907284779	0.0859070094167133	0.100238247934547	0.122643232636193	0.351259743958029
TAGLN2	13.8626752073847	0.0641211603254733	0.111730944880905	0.127295619138862	0.356391063040487
FCMR	10.4942518348621	0.0335828400670138	0.100553317433899	0.131683477530214	0.356391063040487
RPS27A	78.7575384181763	-0.0837099759209674	0.0831794455624454	0.130094909905963	0.356391063040487
WIPF1	9.0481371554819	0.0600910803021586	0.110589512319368	0.129667309754969	0.356391063040487
RPS14	74.5471750650525	-0.0809222094617937	0.0757064631214651	0.131164556652639	0.356391063040487
DDX5	17.544126749086	0.0699975991547956	0.112714337430591	0.126210845413304	0.356391063040487
PPIB	11.4130441269831	-0.0620794743834317	0.109331544745951	0.136675063620886	0.36653767061965
UQCRB	13.7617246723282	0.0776217228280814	0.106161259448236	0.139535275081664	0.370836992334152
COX4I1	17.9488440774972	-0.080634171976344	0.0976756908304272	0.141668872443574	0.373145690811199
CALM1	26.1144863153373	0.0778509858978431	0.10184627278443	0.14449142720996	0.377212132981753
RPL27	20.4653493736877	-0.0748061651431388	0.102005165347505	0.153786462451822	0.397956196695504
CST7	14.2972014077649	-0.0535936939490764	0.106267383633698	0.155948766944406	0.400042489118259
RPS24	71.1333750408396	-0.0750401474745184	0.0787071703684626	0.161227064222007	0.410017102978379
IFITM2	8.82028093972102	-0.0403792496968141	0.101576468446082	0.174758719526174	0.434287978389835
RPS25	45.6610010558084	-0.0734947685144035	0.0847943951014455	0.173218387372913	0.434287978389835
IL32	51.0507978292733	-0.046403159504839	0.103320942487417	0.175187353994544	0.434287978389835
CAPZB	13.4865720944862	0.0650745085121768	0.102251760479477	0.180097713220631	0.442740211667384
LTB	11.2914262359096	0.0329312161514084	0.0993178036590581	0.184357321793422	0.446730602372475
FTH1	26.4060073408474	0.0669442569171648	0.0984423356168862	0.184749605048956	0.446730602372475
RPL37A	33.8147409120971	0.06659586198418	0.0979611933365687	0.18726921356865	0.448148589216604
CD74	77.42170350663	-0.0595724678088707	0.102707056645456	0.189893470007036	0.448148589216604
PSMB9	13.5719514302608	0.0560849660051112	0.102966084764398	0.189107091114772	0.448148589216604
RPS23	71.3977035806614	-0.0686771341836967	0.0781753973839005	0.194206793160558	0.454690507796544
RPL11	77.1881300010819	-0.0662973862300721	0.073298049930926	0.201643906884944	0.457576557931219
RPL10	120.784638088828	-0.0682962389636647	0.0835719897667545	0.200179017052894	0.457576557931219
GAPDH	58.3678351777972	-0.0625673035162913	0.0998956650980051	0.197961879899549	0.457576557931219
RPL36	44.7520112863974	0.0674868174247372	0.0871527015572796	0.200349776493476	0.457576557931219
PFN1	120.747123777449	0.0655236649266447	0.0769626636278574	0.207631863049555	0.467567935874951
RPS8	82.535441266489	-0.0657854397527347	0.0803009619094493	0.213978940633521	0.478210511264308
RARRES3	12.5110025001503	-0.0538997864586545	0.0998738804428201	0.217873766354966	0.483253842667029
PSMB8	10.7741118147566	0.0521820396249576	0.0996022120298401	0.223375881369463	0.491760335850684
MTRNR2L12	82.6619146022557	-0.0292851382744657	0.097745988733073	0.230451934605824	0.503580153397911
TXNIP	10.7802666720822	-0.0377153926733045	0.0988758463975799	0.23265870604673	0.503680637534189
ATP5MC3	8.72096938131974	-0.0518247118988884	0.0975624959141143	0.241183494631067	0.503680637534189
FYB1	20.0962536482961	0.0584997546621801	0.0906402920990026	0.24409838299049	0.503680637534189
COX7C	18.25795783183	0.0592630542656042	0.0921681822511706	0.244157054804709	0.503680637534189
RPL7	20.3147624509639	-0.0593909038345021	0.088465726939583	0.241501422190118	0.503680637534189
PPP1CA	12.4716438952767	0.0576227162926577	0.0926900184646994	0.240653461289416	0.503680637534189
MT-CO1	253.804368448877	0.0689983310605957	0.0916344685743099	0.235382364872515	0.503680637534189
MT-CO2	208.273486470627	-0.0617827110724238	0.0795822790717247	0.237250691695218	0.503680637534189
RPS11	16.3249768931045	-0.0578393750404915	0.0883395587254213	0.250911464680706	0.514020014450057
SRP14	15.906871346898	-0.0555101422186385	0.0908293961718512	0.259673822974697	0.521114134541058
GABARAP	8.91295365446812	0.0455235655642832	0.0977541104019564	0.257205746981934	0.521114134541058
KLF2	14.0083062294697	0.0409070631363141	0.0978401281337707	0.258311929801717	0.521114134541058
HLA-A	102.641599205948	0.0497679450017263	0.0949620439828048	0.26713170301065	0.532458462082038
EEF2	23.516631500349	-0.0551178327380828	0.086670012257639	0.272827926293557	0.540162672863083
LY6E	9.34961083983186	-0.0411664800495303	0.0967720064168676	0.278188189917689	0.543554347021388
ETS1	8.90154901878121	0.0406174535729416	0.0967335413122119	0.278226123390609	0.543554347021388
RPL34	69.2687361690044	0.0533988096360783	0.0825704562299796	0.291938021158872	0.563664796169425
TBC1D10C	9.41626988267476	0.0385503324979693	0.0962284612381489	0.292341402759058	0.563664796169425
ZYX	8.74015436902442	0.0414033491853456	0.0952803091670343	0.298687909152152	0.572161903895356
ZFP36L2	14.6654642861554	-0.0405107917642681	0.0953644988759521	0.300718997518276	0.572336156567042
GNLY	12.0236944977925	0.00573607988064292	0.0946289064017854	0.309477732319033	0.577822348317182
ACTB	302.377814808125	0.049828529832891	0.0849814043382335	0.308474793364703	0.577822348317182
RPS13	59.2223633690065	-0.0514758199336483	0.0719907952173548	0.307368965653081	0.577822348317182
UCP2	20.5247276714722	-0.039119796520136	0.0947461710917649	0.315961334022018	0.583642199782239
RPL38	15.5534373221377	0.0413340248951503	0.0935156893910944	0.316551701576807	0.583642199782239
CD8B	9.57137908622765	-0.017506271685302	0.0951230596473844	0.3309614823029	0.605770216166509
RPLP2	56.2647908623897	-0.0483113704181289	0.0698982045287495	0.332660254301608	0.605770216166509
COTL1	27.2790450533506	-0.0450291520932695	0.0879202013677192	0.337035055664688	0.609971419761245
LIMD2	27.2859938411799	0.0385003599601904	0.0931040618541307	0.33924719224247	0.610231229948345
CLIC1	20.1062319462034	0.0417694487897857	0.0887736987969416	0.356084732977882	0.610726722258576
HLA-DRB1	11.6427673848712	-0.0267023602826151	0.0948681421042403	0.354053365042569	0.610726722258576
ARPC3	20.8247936135318	0.0460632648584819	0.0837773705967533	0.34294118657574	0.610726722258576
COX6A1	11.0092979253635	-0.0417067242698718	0.088963671760865	0.355139584272362	0.610726722258576
HNRNPC	9.00210331961606	0.036645744083649	0.0929855435464352	0.350398534113626	0.610726722258576
SLC9A3R1	10.6563807575136	-0.0373223470022214	0.0930035576439501	0.346320315459782	0.610726722258576
MYL12A	29.1680820934221	0.0441568412031717	0.0853793444962733	0.350147663288607	0.610726722258576
EMP3	12.6908936951101	0.0403804748234553	0.0905492237469873	0.351398879696497	0.610726722258576
TPM3	10.0687949855829	-0.0389254454359154	0.0911050729843939	0.360349351665512	0.614468547637722
RPL35A	54.6206611836144	0.0432707800115691	0.0800654508835006	0.377151509753595	0.638269330590331
GZMA	38.1009092138558	0.0332393142703755	0.0927157946777938	0.378634348655281	0.638269330590331
CAP1	10.1929273062056	0.0355763709985747	0.0910053399408892	0.382312124894431	0.640807254794643
PCBP1	17.0750709818729	0.0407850729959012	0.0821519873446548	0.392049867418259	0.644865890059167
GSTK1	12.1891192636609	0.0337146847623966	0.0914208025159155	0.389602884088503	0.644865890059167
CD37	13.9069174064856	0.0346015505770584	0.0907243879761238	0.392424165682997	0.644865890059167
ITGB2	14.077376441729	0.0377715672207246	0.087622116985954	0.393477492239492	0.644865890059167
RPL15	46.1659618525559	-0.041588137188804	0.0725151843382763	0.397201972754324	0.647373381008429
CHCHD2	13.6270898296661	-0.0346103504106682	0.0855013127512921	0.400646197206219	0.648796113837443
RGS10	9.58867316159115	0.0341393130047728	0.0902829006572025	0.402473521465261	0.648796113837443
UBE2D3	9.94541549133999	0.0348500898685581	0.0876642505642219	0.421493243189551	0.675763623591944
TOMM7	10.9150508994226	0.0343573697182285	0.0875186613979041	0.427478340633725	0.681654651280805
SSR2	9.04398772085416	-0.0323910989395142	0.088372175957512	0.438671117334182	0.695741825879482
HLA-B	129.077267424785	0.0308334384569298	0.0889616315859287	0.444326281016922	0.700942528876963
GIMAP4	10.2919714515467	-0.0320962576315771	0.0869190957162279	0.450673164090625	0.701923950067823
SLC25A3	9.48889511837117	-0.0321324953494376	0.0871866719248561	0.45201701521371	0.701923950067823
FXYD5	10.9913298527356	0.0264779113513639	0.0913034304446577	0.45208661190809	0.701923950067823
HMGN2	13.633646062375	-0.0240187872599259	0.092063392234166	0.457280287361831	0.702592108186146
TRAF3IP3	9.12418675864667	-0.0288957410047018	0.0895532133540705	0.456237484429757	0.702592108186146
COMMD6	10.6792732365044	0.0305853113225756	0.0889576830717932	0.459943797179301	0.70302290242432
PABPC1	22.4672535896677	-0.031986034122428	0.0820650607025908	0.486558849396115	0.73597687226882
EEF1D	22.7639122289525	-0.0329171852803862	0.075954702850589	0.493977697319412	0.73597687226882
FAU	50.6027558040495	0.0330466740466206	0.0648651743679693	0.491466208472004	0.73597687226882
HSPA8	22.1676180092597	0.030553974054062	0.0851210800759032	0.485351332119513	0.73597687226882
PPDPF	13.1643502870736	0.0282344101820983	0.0870743034858772	0.49158515113267	0.73597687226882
RPL22	28.6891667103644	-0.0307335284921562	0.0792266664899688	0.512982021935469	0.739949714353893
NPM1	19.4164391436793	-0.0278623697653771	0.0839348026848436	0.524076591749871	0.739949714353893
NDUFA4	9.12007270002236	0.0259882827808077	0.0865671120051779	0.521345977562418	0.739949714353893
RPL30	90.7494741976188	-0.0315866119219845	0.0605514070394943	0.501561054722458	0.739949714353893
ATP5F1B	8.3435775475362	0.0260406721991573	0.0872371738100626	0.518947242814499	0.739949714353893
PSME1	17.9607873016863	-0.0273058330032101	0.0849849626132744	0.523179211752139	0.739949714353893
SUMO2	15.3900923612248	0.0274806211292259	0.0852529000493483	0.518399408263063	0.739949714353893
EIF3G	8.47753422389751	0.0258244714308932	0.0874133854456099	0.520963463663713	0.739949714353893
RPL13A	30.9803947212342	-0.028264973526259	0.0827212794819665	0.52423556033886	0.739949714353893
NOSIP	9.43754671664853	0.011443007053812	0.0939014678464944	0.508982637838306	0.739949714353893
MT-ND1	37.2496481835405	0.0294107999151475	0.0820707435388145	0.510684945897379	0.739949714353893
RPS20	8.42191571979022	-0.0244678983122286	0.0877463905499455	0.529399762075968	0.740118345734434
C12orf57	8.84525839561229	0.0251393209491623	0.0870351010085262	0.531881658629491	0.740118345734434
EIF3K	12.0893373022723	-0.0283021430406334	0.0824973240762152	0.526979971226193	0.740118345734434
UBA52	30.8237652267797	-0.0298511952703021	0.0733909361570679	0.535323527029214	0.741410518655484
CFL1	47.6926554374335	-0.0288854185302016	0.0773490951809707	0.541969645949359	0.743316145376365
SRSF5	9.97103578163809	0.0240367620924332	0.0869531640157634	0.546378472290706	0.743316145376365
CYBA	17.7629104340141	0.0273391436169799	0.0822191425983114	0.542456834300379	0.743316145376365
MYL12B	14.6122538053005	0.0265221943089142	0.0827382000595791	0.549298032854398	0.743316145376365
RPL18	59.3250438290324	-0.0285973422842976	0.0630243816634473	0.549167095784028	0.743316145376365
LSP1	17.0519197430534	-0.0245444279289433	0.0852025943088933	0.554062410683251	0.746339776947759
RPL31	20.1300847524022	-0.0275261040780105	0.0775278608332127	0.557003989360188	0.746891713005707
COX6C	12.965021321093	0.0259903129147023	0.0818146859602668	0.561767595669354	0.749870772499817
RPL39	81.8027558457574	0.0271399066074484	0.076631356672354	0.56559146101358	0.751574238734261
ARPC2	23.7799518920036	0.0266496735208075	0.0744409880589361	0.575150673643155	0.76084954585081
SELL	8.76633292436308	0.014193543006837	0.0922152925284278	0.578566437360057	0.761951334916147
RPL24	33.9823579674606	-0.0259704372028207	0.0668558469535408	0.585128404851265	0.767168353027214
MT-CYB	93.244864032583	-0.0241644042670583	0.0811563261674131	0.587848500134887	0.767324369645096
HNRNPK	9.29122541250114	0.0228367583532553	0.0839088153486509	0.591070947910331	0.768131848605937
PCBP2	21.2765202765093	0.0229637004996984	0.0815591606204104	0.604500727313815	0.779335529832589
RPL41	164.605281470736	0.0250802219883369	0.0630213482439028	0.604975716378518	0.779335529832589
CD99	20.2197170093446	0.0228445113430502	0.080616655444247	0.610581531135032	0.783137181238411
ANP32B	9.27874652133414	0.0172303823189084	0.0884454004321728	0.625392746088671	0.798661732017999
MT-CO3	150.384918132217	0.0227105591706304	0.0764604595703143	0.628261890875364	0.798867490552725
ATP5MG	20.0146769334427	-0.0223560299551685	0.0762421799778305	0.631478079856689	0.799510873638298
RPL12	55.9894730685354	-0.0220813382580914	0.0750148079963515	0.642771717971544	0.80346464746443
YWHAB	14.3626122737599	-0.0208584751332767	0.0804850043944979	0.637937437456771	0.80346464746443
OAZ1	17.1856362640203	0.0208931392575315	0.0801587522436974	0.64055182310345	0.80346464746443
HNRNPDL	10.0330644582585	0.0186205542959433	0.084789899461107	0.646814450198473	0.805106594128901
HMGB1	19.3717285330994	-0.0195641894139555	0.080686034413396	0.656715792058462	0.813996464946414
RPL5	40.5549936204121	0.0200906066620917	0.0720844654591364	0.672925251455726	0.81616527245774
RHOA	13.7417105909881	0.0188357387003741	0.0798864717120698	0.678523345076157	0.81616527245774
COX7A2	10.3730038911671	0.0168945255097995	0.0858676417456435	0.661736575077757	0.81616527245774
IFITM1	22.2017258985987	-0.0134355691184371	0.0893162491446773	0.674837926368079	0.81616527245774
UBC	25.3150955217855	-0.0176531969709861	0.0823280053482543	0.676972017460841	0.81616527245774
TPT1	77.7805222864387	-0.019387146094395	0.0735528373793358	0.680501185435138	0.81616527245774
ITM2B	15.3920515942681	0.0189988013919677	0.080522203216989	0.667019068247407	0.81616527245774
LITAF	8.99600306494546	0.0161555145429158	0.0851405693328022	0.680598837371539	0.81616527245774
JUNB	10.5382604579771	0.0113338502551177	0.0906264044960087	0.688446996868507	0.822234267515019
SEPT6	13.0421443217	0.0111516501799523	0.0906715005487921	0.693220158975881	0.823676714698916
EVL	15.4139470005171	0.0144593228650835	0.0865647306636003	0.695238989695018	0.823676714698916
LCK	14.0327103164259	0.0161592547772655	0.0812994123597929	0.707764301871666	0.829177019112408
LDHB	18.142411144815	0.0148859505972897	0.084538226207704	0.708313928190938	0.829177019112408
ATP5MC2	23.1373925460941	0.0175836362441245	0.073545497674626	0.707998331285545	0.829177019112408
BTF3	28.7749590903287	-0.0171208506283832	0.0713926252276887	0.718337739103466	0.837014865832313
RPS28	70.0549240347023	0.0165640678864367	0.0753438005467095	0.720683986174263	0.837014865832313
ANXA1	10.6131606085279	-0.0107233179439515	0.0893946147182169	0.727784957822462	0.841947304147554
RPS15A	114.041456950841	-0.0151445256697727	0.0578216163259861	0.741945745784945	0.851649786017739
MT-ND6	12.7959161418286	0.0111028668652311	0.0881324757856996	0.741390979834898	0.851649786017739
OST4	9.2279644745621	0.0120536303186919	0.0847790016046347	0.75399283574701	0.861342608255965
HIGD2A	10.7262255506447	0.0121268915040683	0.0837558618706877	0.76236100867328	0.861342608255965
RACK1	46.9424560922511	-0.0147021404191991	0.0647540888323782	0.756663354039202	0.861342608255965
ARHGDIB	49.7444787825691	0.0140896669547846	0.072609700338441	0.764505413083285	0.861342608255965
RPL28	127.248177949731	-0.0140875850567266	0.0704293030839854	0.764989028349366	0.861342608255965
ACTG1	113.907323384439	0.0121258199814318	0.0822099823274344	0.771623331263178	0.865509059781891
SH3BGRL3	54.9174955968075	0.013017834664136	0.0739425234284178	0.779992164919721	0.871582153982264
COX5B	9.00125262534749	0.0110611963539405	0.0829403305803349	0.786868511660778	0.874145753731496
ELOB	10.0831908950016	0.0117838016877318	0.0807308691249719	0.788212781330773	0.874145753731496
LCP1	11.7606465518607	0.0086789937125124	0.0842827980056347	0.823499443433241	0.909858935628488
SERF2	32.3237270319044	-0.0101599395360545	0.072195557918638	0.827838551818769	0.91124019696469
RPL36AL	19.7349339963649	0.00971227546730817	0.0727745950310022	0.831185598540053	0.91152324003463
MT2A	16.9374467128795	0.00638253264823438	0.0888320939476103	0.838058089685057	0.91408165490398
HCST	19.361869675396	-0.00786981637549449	0.0838849745829703	0.839715689759249	0.91408165490398
PTPRC	27.8161076463772	-0.00832111046637214	0.072522328316627	0.857939780845273	0.920033486514926
GUK1	8.97210807236109	-0.00735578748926526	0.0822868216853539	0.856528757069985	0.920033486514926
PTMA	38.0658685594882	-0.00658699242440961	0.0848386865339048	0.860549635198601	0.920033486514926
HNRNPA2B1	14.5101070962768	0.00752077593051118	0.0792228567501642	0.863420382061105	0.920033486514926
SNRPD2	11.3164237825589	-0.00768208212776275	0.0808513742037634	0.857072743168537	0.920033486514926
MT-ND4L	71.7637364104053	0.00796762512707479	0.0734646277811331	0.863895850049609	0.920033486514926
NACA	35.3491981862631	0.00732744218230103	0.0689855480815714	0.877403553655501	0.924407315458475
CORO1A	37.805766356974	0.00752382629312566	0.070362807118851	0.873909115261072	0.924407315458475
H3F3B	33.7145868035441	-0.00695039109963832	0.0772789138798463	0.875655730950413	0.924407315458475
PPIA	40.3761405869051	-0.00643127837312402	0.0728044399679691	0.889411655020385	0.93153747493001
MT-ND2	14.3917692070594	0.0046832105269308	0.087405764195303	0.890486670950044	0.93153747493001
HCLS1	8.49104454426071	0.00445755608799092	0.0843611813530098	0.90065564391011	0.938845989234921
HNRNPA1	23.7752444165241	-0.00515094538349968	0.0747314421970561	0.910051438774543	0.945299909994683
SLC25A5	12.2026025559599	-0.00384730280438066	0.0836474489586466	0.921001172751235	0.949983727138511
COX8A	9.13259389714941	0.00610463091432396	0.0846250452617684	0.918084712517103	0.949983727138511
YBX1	14.1497056525696	-0.00363050544669248	0.082640148742701	0.927426584163126	0.953278196265235
DBI	8.34119097547064	-0.00316806225368509	0.0836201032907961	0.934784352404222	0.957504805414047
SUB1	19.3051846497478	-0.00307580606122287	0.0799224208580401	0.941750552025021	0.961302466599935
GYPC	12.0136325226348	0.00172442241465726	0.0854431735333341	0.963161847669789	0.979768086422716
HINT1	20.9312241468551	-0.00157433292302726	0.074547568179372	0.970080419098161	0.983414857848651
SRGN	21.3699600308037	0.000973127015463245	0.07933971400816	0.982737422987618	0.989445528263984
TRIR	9.1716608160107	-0.000961469100147257	0.0821352977341402	0.980634288688696	0.989445528263984
PFDN5	14.37867764374	0.000455079675644314	0.0766803652088308	0.992421889292022	0.992421889292022
LAT	8.66793825397525	0.000208152027878863	0.0882404239711364	0.989285991084616	0.992421889292022
