""	baseMean	log2FoldChange	lfcSE	pvalue	padj
RPS29	154.854099045119	1.00168491875357	0.112067668507011	2.41057334837064e-20	1.57892554318277e-17
RPS21	248.172703456189	0.67622907821945	0.0804730011393698	3.08994194891293e-18	1.01195598826898e-15
RPL37A	159.928072115752	0.455012543568032	0.0556424520586184	2.41021614845005e-17	5.26230525744929e-15
RPS27	644.44249471537	0.642272752624213	0.0797695254260302	4.88701261433446e-17	8.00248315597268e-15
RPS28	374.074408709764	0.517912543625308	0.0688840169545537	3.86926356443188e-15	5.06873526940577e-13
RPL38	80.6243251461676	0.6412210914113	0.0877291244583903	2.02324438317428e-14	2.20870845163193e-12
RPL37	336.738946119362	0.444089294304283	0.0621476192632014	7.65133633965687e-14	7.15946471782179e-12
RPL34	425.930054848391	0.404646000102449	0.0575868633720988	1.75830670345239e-13	1.43961361345164e-11
RPL39	475.626706348597	0.469512897716839	0.0774771105183903	9.57450461825197e-11	6.96811169439449e-09
RPL36A	39.9988263703955	0.524949305175868	0.109934616761752	1.21463814174698e-07	7.9558798284427e-06
RPL35A	249.202731471774	0.321835723798817	0.074707357229085	1.48214218252942e-06	8.82548299597064e-05
SNHG8	11.8361178663727	0.835883445437923	0.201862431196551	1.72112445998665e-06	9.39447101076047e-05
RPS8	493.23382242028	0.234433761819704	0.0570448371142717	5.25941490192688e-06	0.0002649935969817
RPS23	417.608304262546	0.244727725553875	0.0658977817589909	2.51329751431943e-05	0.000948282094548938
RPL30	480.880781515438	0.246280536949771	0.0664308015197419	2.54906093710466e-05	0.000948282094548938
RPL41	833.962358192613	0.219061220854785	0.0575198869697162	2.07606345807928e-05	0.000948282094548938
RPS2	315.315594495589	0.251868702375916	0.0682875463984241	2.60596606135586e-05	0.000948282094548938
RPL36	208.185875301844	0.246195117681438	0.0660803336706473	2.46778850329279e-05	0.000948282094548938
RPL32	457.015875663398	0.232010798505348	0.0628259503337867	3.06010566122097e-05	0.00105493116215776
RPL22	131.186467636172	0.237921764070836	0.0721752501029781	0.000121959936297945	0.00380398848929303
RPL23A	223.296063114094	0.209476705490696	0.0619878461238492	0.000119663253165113	0.00380398848929303
HLA-DRB5	55.8887808869469	-0.589085096327537	0.206929275068244	0.0001963034823345	0.00559038177952597
ARPC3	53.3031559208852	-0.263349247758159	0.0843958770522673	0.000190138245243125	0.00559038177952597
ATP5ME	10.0503276759066	0.496690517779889	0.172035720922084	0.000226943848655636	0.00580943738721025
RPLP2	274.222489042587	0.209037669569344	0.0659603984787544	0.000230603621477048	0.00580943738721025
RPS15	281.283101688917	0.178611752699172	0.0543287701587302	0.000216283727954478	0.00580943738721025
RPS27A	394.022888205232	0.207241571026041	0.0670277320919674	0.000306787322614984	0.00717663201117194
RPL13	492.667714960539	0.153565453512295	0.0471889056286424	0.000306088833814763	0.00717663201117194
RPS12	580.889297388766	0.248480783556201	0.0848449977935004	0.00035254753538208	0.00796271157500905
RPS15A	411.374730434809	0.193320334973781	0.0640606221496685	0.000440229929662284	0.00961168679762653
RPS6	263.21628445386	0.198424895292096	0.0672500510937831	0.000523529997223376	0.0110616821993971
CYBA	71.4722883503491	-0.229407441962964	0.0803747396360737	0.000560547383990877	0.0114737042660633
LSP1	43.5308323917876	-0.292334606702593	0.110124939960297	0.00066023174828811	0.0131045998523852
RAC2	39.5301094271179	-0.261608986581686	0.0981881821298591	0.00075914264374937	0.0146246597545835
PRDX1	9.81631033615628	-0.481159894133716	0.20279589867983	0.000838583206980427	0.0156934857306337
HLA-DPA1	149.039659556771	-0.271400438080983	0.105917529762478	0.000937744757002067	0.0170617448843432
RPS5	176.330499530564	0.256344173490563	0.100264399927513	0.000982584805573875	0.0173944066932672
EPC1	14.4385768217148	0.376291077265696	0.159963955938533	0.00105274457750537	0.018145992059632
TMA7	39.3823714958476	0.239341293646381	0.0926681123820893	0.00113448978956012	0.0188364560456616
TKT	9.97677557812844	-0.463492005265572	0.207103556160057	0.00115031792645262	0.0188364560456616
HLA-A	176.724271003566	-0.247111424167133	0.0990429244384493	0.00125325519512591	0.0197080558093179
GABARAPL2	12.5879227489055	-0.335453876292482	0.145110490248172	0.00126372266258222	0.0197080558093179
RPL35	114.39879038278	0.171292269213688	0.0621966849221656	0.00130021772129369	0.0198056420336597
UQCR11	15.6188836650336	0.323447214280061	0.139447453187229	0.00145443318840379	0.0216512213273746
CD74	1174.97326236809	-0.21706680362353	0.0880229292059941	0.00183049102493654	0.0254731943608866
RPS14	364.438643303138	0.170376964724404	0.0651773344569885	0.00182101784779709	0.0254731943608866
ACP5	9.46448809868629	-0.390074880213139	0.195311102506372	0.00186673790736268	0.0254731943608866
RPL18A	375.216739231627	0.143724907148262	0.0523731699542543	0.00179064764402405	0.0254731943608866
ITGB2	13.3233884072299	-0.385147592989711	0.207356233825524	0.00275555352721889	0.0360977512065674
MT-ND3	332.149761407641	0.343370560643763	0.183712939013164	0.00272981497106172	0.0360977512065674
EEF1B2	117.500608914536	0.238363469908812	0.110426993789595	0.00298634608879113	0.0383540527089841
RPS13	304.757471265537	0.175000235293328	0.072871285190919	0.00307584981904654	0.0387438775283747
RPLP0	185.567730490124	0.19326337904954	0.0844164345170089	0.00341154148390922	0.0413807346659359
RPL23	35.1742743274426	0.211878850757906	0.0953326872324881	0.00338330822910479	0.0413807346659359
HLA-B	299.388312937778	-0.189426629857494	0.0832428862286093	0.00366174151407718	0.0436080125767373
RPL5	170.371183985944	0.18025354392528	0.0782813805340488	0.0037522393660831	0.0438877997282934
TXNIP	99.8507567757714	0.438650571450125	0.319549598336989	0.00404115167005563	0.0458300148825706
HLA-DQB1	66.6413336554192	-0.277845838960631	0.146679309514536	0.00412819981384987	0.0458300148825706
MS4A1	127.074211081204	-0.285625741740008	0.153338049856123	0.0040625744859232	0.0458300148825706
GNG5	12.6320423075497	-0.281665746341579	0.155325463322515	0.00454582285706444	0.0466509840873072
RPS7	257.296719504549	0.111388088916247	0.0433984936051486	0.00442428571622838	0.0466509840873072
RPL12	286.378738688494	0.15347493273109	0.065401518299903	0.00462948697049613	0.0466509840873072
ATP5F1A	11.6349098637091	-0.281902909288812	0.158683230953335	0.00460085992346581	0.0466509840873072
RPL17	20.5206396743894	0.321693384687923	0.19398250180628	0.00446376831123898	0.0466509840873072
RPL28	444.452545996171	0.14299364269977	0.0593078159707501	0.00452649703580204	0.0466509840873072
TRIR	22.5380903157387	-0.237420944609092	0.122121057344353	0.00475100766764275	0.0471501518531212
RPL6	188.941495446256	0.135691356702692	0.0561890025933747	0.00497012279213538	0.0485885138634131
TPT1	279.753483314216	0.2025418593531	0.101543596640953	0.0056976648478734	0.0540865286283634
ANXA2	9.60529004990314	-0.385077080363132	0.265796682866934	0.00569685831530533	0.0540865286283634
SLC25A5	19.7658475142763	-0.252439556766829	0.142203253847862	0.00597869018926884	0.055943458199587
RPS3	322.279849544256	0.174799098263816	0.0832765543576666	0.00627433658815018	0.057882964299132
RPL9	194.061035332151	0.164041469464912	0.0766488385046748	0.0066053706338957	0.06009052451669
RPS20	46.9102858497665	0.211504153486874	0.112407852258723	0.00692823466294778	0.0621297739815655
COX8A	12.4104347830738	-0.253172542374932	0.154157647112069	0.00701924164066542	0.0621297739815655
CAPZB	17.9023019780502	-0.229339915866023	0.13643119682124	0.00786284653957589	0.0686688597789627
HLA-DPB1	145.217172321397	-0.261290192120778	0.170393213356308	0.00807887398343655	0.0696271376204071
SNX3	24.5591506543228	-0.211267593563269	0.120189130278858	0.0082743491747317	0.070113001321573
RPL10	608.719235220293	0.150694366289763	0.0715459870374877	0.00834933450852319	0.070113001321573
PFDN5	72.2555763345361	0.163429850915118	0.0813741926735196	0.00911311671040811	0.0755581195609786
TAGLN2	60.1528144912018	-0.26158276217894	0.179295700561339	0.00936415114117553	0.0766689874683746
ARL6IP5	17.5382297099132	-0.212715943944196	0.131575888851729	0.0100430033786116	0.0789139949180391
ATP6V0E1	16.2648721423503	-0.208375487777715	0.127394282325371	0.00979999415468037	0.0789139949180391
HLA-DRA	266.727231007557	-0.184080617402181	0.10091137995899	0.0100885424642203	0.0789139949180391
TMSB4X	360.040274969959	-0.137369013938279	0.064797452849701	0.0101202680505577	0.0789139949180391
CALM2	25.9357471706179	-0.236686891279347	0.160531466163068	0.0103775602303337	0.079535783142264
TAF1D	9.40836761011354	0.260663317482351	0.18931769622712	0.0104428661835644	0.079535783142264
CD52	169.612519099491	-0.148569918707812	0.0730242860374982	0.0105828897613546	0.0796757792377849
SNX2	16.9409641655403	-0.226842420620033	0.152410385830496	0.0108547648909985	0.0801129123998557
RBM3	23.0115477805358	0.228271744145063	0.151281067172053	0.0108855713031865	0.0801129123998557
RACK1	158.804748500783	0.133078986867832	0.0642219806153351	0.0114930361112336	0.0836437628095335
ANKRD44	9.68919792143776	0.257790280529477	0.204343640811624	0.0117436452839947	0.0845284358353468
CCDC50	9.59206794887281	-0.235365686534223	0.31555900797999	0.0129550903451539	0.0861302220916075
RPS4X	349.008579107188	0.119211181138501	0.0560888472163398	0.0126157327759402	0.0861302220916075
NDUFA1	14.1731368993618	0.216642400192775	0.146056935951422	0.0127659881721947	0.0861302220916075
UCP2	35.963928830759	-0.24816521760718	0.210499892039578	0.0125162422088727	0.0861302220916075
GAPDH	69.046892240926	-0.207265942761869	0.135827194581687	0.0130136594209096	0.0861302220916075
ATP5F1B	13.1127094033218	-0.21497946228923	0.155539947391327	0.0130181557054491	0.0861302220916075
RPS19	313.875193194785	0.126856524554361	0.061031039790107	0.0125335642509601	0.0861302220916075
RPL3	214.761305625729	0.149756140528968	0.0785434336745239	0.0127339202646863	0.0861302220916075
RPL11	414.929470091873	0.10832120814338	0.0508826727087763	0.0144185693452147	0.086140078483459
CD53	19.9347640769716	-0.238424748530491	0.197975995284287	0.014466272722413	0.086140078483459
IRF1	13.2141315407016	0.112660777480578	0.200553420488136	0.0141199805183039	0.086140078483459
PRELID1	9.83599055903554	-0.221024649834997	0.176641308893744	0.0139879279378656	0.086140078483459
CLIC1	37.6218600013338	-0.183851020178569	0.108823214504766	0.0132314241515954	0.086140078483459
SWAP70	9.53609657051515	0.248614889988609	0.241667204836808	0.0138794502157507	0.086140078483459
ATP2B1	10.3643960107977	-0.244650965749577	0.217352067514702	0.0133073929282755	0.086140078483459
LITAF	13.4071524916734	-0.227119348395022	0.181973132177411	0.0139056021703445	0.086140078483459
CD19	14.6167829641612	-0.212821755035054	0.160220900214858	0.0143465988454649	0.086140078483459
DDX5	65.6800723522107	0.147739086283523	0.0784161353472523	0.0141306981104703	0.086140078483459
HSH2D	9.28654662429633	-0.210578282858859	0.383190596027303	0.0139991169431598	0.086140078483459
EIF1	127.535824100754	0.187548689322247	0.124217048462681	0.0152663653282571	0.0900853089189948
MTDH	14.4697328175962	-0.197141745280855	0.145115428347326	0.0162644103563926	0.0942760069330719
IGHA1	16.0327489438856	0.224211347514721	0.253467643092449	0.016206943214366	0.0942760069330719
RPL19	394.719305715197	0.0975444536324915	0.0456245715809748	0.0165209871751936	0.0949232157872963
APRT	12.9672655388777	0.109539109592759	0.188181097515444	0.017393310653905	0.0990662476374587
BLK	13.6733541863244	-0.211034684237542	0.211365740107386	0.017972704832261	0.100616424488299
RPL8	235.128549412253	0.148217778684454	0.0854154881081261	0.0179113280838611	0.100616424488299
B2M	689.909306871133	-0.0961115139054016	0.0462602360334225	0.0194036946956131	0.107706949369717
RPL29	254.166316287743	0.113415451531613	0.0579514192151767	0.0196064900270319	0.107918075358873
SRRM1	14.5608996753541	0.194465423563409	0.175826023131082	0.0210328142658432	0.114804111201061
SAT1	17.1292736496169	0.189306197991824	0.212146919151078	0.0217670044418385	0.116863835322985
CD79A	94.0502486442168	-0.163349426408056	0.109686469692854	0.0216380090902957	0.116863835322985
DYNLL1	10.0212472376071	-0.180640593419248	0.275514317453721	0.0219804540446356	0.117050385359645
PSMB8	12.6842859900801	-0.176379778005734	0.148508052061977	0.0240365057191765	0.125951289968485
SON	20.4059815229688	0.16967728923124	0.12761508247477	0.0239899242192516	0.125951289968485
LAPTM5	72.4063877141647	-0.155823966141713	0.106799809790806	0.0262825696400927	0.131544571459908
SFPQ	13.9899059194928	0.166767464822758	0.225635177494627	0.0253491002879048	0.131544571459908
RHOA	36.8956766162096	-0.1435515653288	0.0918788046832741	0.0261279672452221	0.131544571459908
HLA-E	73.7430562697132	-0.123983841151878	0.0716943745333842	0.0263089142919816	0.131544571459908
CELF2	10.293563769249	0.180858430529152	0.178346719268262	0.026089829295249	0.131544571459908
RPL18	266.242890184327	0.0982978968317638	0.0509538378270639	0.0258446143583491	0.131544571459908
PFN1	110.697906749937	-0.126641181086505	0.074966788171571	0.0274889468258434	0.135377896022011
SUMO2	25.4389191675068	-0.144687947446846	0.0958558906945762	0.0274506483745086	0.135377896022011
RPL15	176.310255483917	0.105523949815795	0.0574426148935226	0.0287981695435065	0.138141298055927
TOMM7	52.8477565050474	0.149000315957711	0.104201528259465	0.0284940426683093	0.138141298055927
TRBC2	17.0035245355555	-0.169196382307543	0.153926313704403	0.0287576714796308	0.138141298055927
TMBIM6	14.9067211377463	-0.162801096184653	0.133261018204503	0.0288936760819268	0.138141298055927
CTSH	9.98454128949762	-0.162542228909674	0.188512838721493	0.0292778501450553	0.13896370902182
EEF1A1	989.962156212539	0.112342626450932	0.0650715592546659	0.0312720382207476	0.147361043414314
LY6E	19.7622924204012	-0.159563337369748	0.136367700338524	0.0318817720457877	0.148576263131055
GDI2	15.8859511023709	-0.151242674458235	0.119009158613376	0.0320810937956055	0.148576263131055
RPLP1	675.762010152132	0.113507149213636	0.0669282313988864	0.0322104265108547	0.148576263131055
ATP5MC3	14.1514338354956	-0.158844323002957	0.139186091167836	0.0325779772535344	0.149220804902553
SH3BGRL3	80.7686622213649	-0.144380026590199	0.104474784134708	0.033601197035395	0.151784717642646
CIRBP	32.5331104955215	0.146197020939756	0.108995388647995	0.0334130798151517	0.151784717642646
RPS11	84.3662802713282	0.123846820209767	0.0785997295916509	0.034258092884928	0.153692129038547
ZFAS1	22.3331276990106	0.147271027146625	0.177145423449316	0.0345479354393176	0.153938079678592
RSRP1	17.4508439745867	0.152600776859685	0.134770669848926	0.0357540425719425	0.158235796517718
RPS25	245.828054781703	0.112920025589102	0.0689690331338027	0.036297211233419	0.15849782238593
NDUFA3	9.61016113351403	0.159064399380231	0.174083937718957	0.0362109140707531	0.15849782238593
ACTG1	86.6744551003947	-0.155243032545235	0.179046964046754	0.0374256615315228	0.162343101345347
MTRNR2L12	204.29629597322	-0.0882889825287008	0.149316666558829	0.0382761035402275	0.164938038241169
CIB1	20.5071796784881	-0.14435790368552	0.166492941567162	0.0387793250215877	0.164938038241169
RPL13A	158.057888510394	0.111894537668408	0.0687953481448408	0.0386060113339031	0.164938038241169
MYL12B	22.4617436600256	-0.135648996540763	0.101766556600668	0.0391009220740029	0.165232928764335
GUK1	12.4013677980783	-0.145813250181667	0.141543939185642	0.0395385947343832	0.16601140737834
FAU	241.418884438834	0.0898445195440021	0.0507299090992657	0.0405865251681405	0.168390085211136
SRRM2	13.9285612041405	0.14708340101334	0.1452935913554	0.0406192877303197	0.168390085211136
CD82	14.153980420486	-0.144811106821451	0.160307041588445	0.0413121022460116	0.169538104385061
RPL27	95.6873292808773	0.107590503244856	0.0659881287642341	0.0414138880940607	0.169538104385061
PSMB9	22.8200950190097	-0.136341713089765	0.109216884382476	0.0418597635345966	0.170299037982365
HLA-DRB1	149.178730734242	-0.148683015155438	0.15190974616922	0.0422198178941344	0.17070358469542
PPIB	21.2021897816662	-0.13821868015019	0.115394784524479	0.0428625583260484	0.172239114745777
CFL1	63.2429272578902	-0.118691780690689	0.0803186123010539	0.0436936433756783	0.174508148847984
DUSP1	48.3700515502634	0.0843024278354872	0.142872601039523	0.0455073997454562	0.180650586868326
GPSM3	26.7473463039978	-0.122324424764445	0.0899740813226049	0.0468510449744588	0.183757092564494
RNASET2	21.1737799867464	-0.134483287202592	0.121762059654303	0.0465934505813398	0.183757092564494
PSAP	13.3055517989271	-0.134223626768866	0.151217652624339	0.0479593167504281	0.186984240901967
SP140	10.0581731916566	-0.114030818214417	0.160119246217711	0.0493053602073792	0.188021706036184
AHNAK	21.3918753553683	-0.127876334698676	0.157026725704592	0.0492039507598943	0.188021706036184
MYL6	45.1716191639988	-0.118747457371084	0.0852224907202493	0.0493241153774282	0.188021706036184
MT-ATP8	84.6054486784404	0.0990173150843262	0.152569420835161	0.0493736388369826	0.188021706036184
PRRC2C	14.6016022964772	0.13328211664878	0.138925820550317	0.0498913308416571	0.188894923128817
POU2F2	14.548772467359	-0.123096847629848	0.15379921534159	0.0509272858588858	0.191709035848105
SF3B2	12.3687441931451	-0.130354936220178	0.138280356432401	0.0512592068674617	0.191855888561071
NDUFB9	10.3299706381882	-0.130654988684553	0.13847466856757	0.0529453865938421	0.197041069425947
UQCRB	32.9129681528664	0.119202063407377	0.0909722352530978	0.0546735434168141	0.202322999649792
RPL26	124.173440992017	0.115598729362838	0.087233436301981	0.0558215189587135	0.205410645606502
RPSA	175.884034802902	0.104178579302973	0.0709266304495999	0.0562948580715068	0.205995151043782
COX7C	45.6222690317602	0.116484304703536	0.0897256352585148	0.0569225735220504	0.20713492031635
RPL22L1	13.8902089885764	0.123570460862095	0.147552880075404	0.0574006265408613	0.207720499360575
MZT2B	13.9587353742113	0.128491439330991	0.124861756378106	0.0581170380741346	0.208207315798076
ARPC2	35.5784507573962	-0.114112744092349	0.0866075664778423	0.0583402032831355	0.208207315798076
CYB561A3	9.89164868704815	-0.109898246278198	0.148425020972206	0.0588066464467848	0.208207315798076
MALAT1	1595.04624806573	0.104150178984716	0.0819119435556929	0.0586034300758966	0.208207315798076
SUB1	29.6609677761015	-0.123606606224282	0.138939754934626	0.0605955374693139	0.213387510980648
BIRC3	9.88473897388398	0.107947421222272	0.1467050880017	0.0617322447778611	0.216227916200529
PPIA	95.1752542735656	-0.109830252269697	0.0819462232893585	0.0621102659025849	0.216394809394644
PPDPF	46.341296795276	-0.120635804857488	0.107879624124954	0.0647509212360479	0.224401340791595
HIST1H4C	9.54298875036042	0.120594424073383	0.142167199103686	0.0662417284688118	0.228359642879325
FCMR	25.5879900564529	-0.109215815905166	0.14319451462444	0.0667479728267209	0.228900116238231
GSTK1	18.1263736608225	-0.118762466581572	0.119630891981811	0.067352056173291	0.229768733299508
UQCRH	22.3230020694516	-0.117534960460105	0.109672156948667	0.0679737179730361	0.230688006592428
SSR4	18.9295896587692	-0.113424116401983	0.102332750208936	0.0703111431359663	0.237390715227103
CAPG	11.9417091629011	-0.106360211783918	0.136227519197688	0.0718456049492971	0.240096281845865
RPS18	365.016771879216	0.107351674271371	0.0866451292377553	0.0716787865406145	0.240096281845865
FMNL1	10.3099796185466	-0.107175875491549	0.133438016260282	0.0737113439740075	0.245080864482106
YPEL3	13.5798986868319	0.100103251606073	0.138332734916408	0.0746456497853718	0.24693384146171
IER2	15.651759003551	-0.0857270805753947	0.135919333786448	0.075187029522238	0.24747489616616
MBNL1	19.4665329326005	0.112513252895973	0.114777738195689	0.0757288563508231	0.248012004548946
S100A10	37.7927415456495	-0.0760487111204725	0.129617412472119	0.0766374762679985	0.249739039579796
SLC25A3	16.8454613794183	-0.110420738510962	0.106438923449033	0.0776087053085638	0.251104343962838
EVL	19.0544630299627	-0.11056619750875	0.115012290600057	0.0778231783579482	0.251104343962838
ODC1	12.4331035985853	-0.103347906690602	0.126365112294349	0.0843478857425193	0.260248100334906
PLEK	10.3648201146641	-0.0875267879424902	0.133168431077114	0.08439245637523	0.260248100334906
PCBP1	36.7650372885133	-0.0971620918014072	0.0765277991491435	0.0835268694271136	0.260248100334906
CD99	18.8087915031961	-0.107096392154861	0.125654283062824	0.0844511275357617	0.260248100334906
RASGRP2	14.172317379924	-0.106038891148929	0.124705202393841	0.0814508311499358	0.260248100334906
PDLIM1	11.00015981299	-0.104560829289255	0.130231460424702	0.0831895451350412	0.260248100334906
HNRNPA1	50.2633975946304	0.104985257974807	0.096551301791646	0.0857899418928062	0.260248100334906
NACA	137.085800585408	0.0789219442648078	0.0542152221889487	0.0851202891287875	0.260248100334906
ZFP36L1	18.7244543958103	-0.107031491418189	0.115407681259808	0.0862195996529385	0.260248100334906
IGHG2	10.4798637421515	-0.0727461960805848	0.126155911224418	0.08150696957538	0.260248100334906
PDIA3	11.1295040044063	-0.104100907041249	0.118254594541253	0.0859666617759935	0.260248100334906
FAM96A	11.7373229264634	-0.104359062630041	0.119433295524742	0.0856069935316421	0.260248100334906
KRT10	12.2511066740149	0.106561479867753	0.124237795433574	0.0836384498712032	0.260248100334906
STK4	14.2362525630866	0.106442336543638	0.123146915255129	0.0845498650665613	0.260248100334906
SEC62	13.4932740952072	0.0973804987305505	0.127355654602976	0.0903758567028019	0.271542138258419
BRK1	13.5283629934525	-0.102446824546425	0.114416003047073	0.0915068755374634	0.273684947383738
TOMM20	12.5971684841054	0.0991152820203174	0.124209571846016	0.0925112254464298	0.275283222164216
SYNGR2	25.1966792425907	-0.102469043759968	0.0992476604115904	0.092881819997392	0.275283222164216
MSN	10.0490614063181	-0.0970801439226206	0.123497453807641	0.0943400000253473	0.277097309491491
TSPAN3	9.49061926605834	-0.0775295678988413	0.126843487344961	0.0941535330304553	0.277097309491491
JCHAIN	24.3565296076353	-0.0464156361709549	0.110634493728569	0.0950985171586492	0.278078253298729
RPL7A	244.642762879275	0.0767338257187079	0.0549522999618826	0.0967062371358022	0.28152260143978
HVCN1	11.8792673086262	0.0907986298196839	0.127260210218313	0.0982818315198411	0.282344735287263
CORO1A	47.6001786626457	-0.101123917258816	0.100650578292324	0.0980911528612851	0.282344735287263
RPS16	185.74031209468	0.0766097923188436	0.0544956655786041	0.0977336706553054	0.282344735287263
ATP5F1E	66.2925896423602	0.0933643986024531	0.0788443805626251	0.0999740999301734	0.285952119887614
RPL14	211.692640085727	0.078785406209131	0.0577970628435254	0.10052896860803	0.286289019296782
COTL1	34.3203684057194	-0.0975566027281322	0.108123048271325	0.101577931381923	0.28802400456779
REL	10.7666449532426	0.0925656159409068	0.1212524211095	0.105928203286804	0.297781000656036
EDF1	20.8751382126226	-0.0962299751289832	0.0936649479180897	0.105589652582562	0.297781000656036
ATP5PB	10.2500212462056	-0.0874412528039002	0.121555408726979	0.107875765194005	0.301940024466292
RPL24	120.390796785296	0.0781464947004612	0.0598178907489755	0.108329627098593	0.301940024466292
MT-ND4	141.305140299547	-0.0959440251055697	0.105092010130757	0.109900576352439	0.305020667418846
PARK7	12.283896841265	-0.0946099386482074	0.109813250399692	0.111056436128526	0.306928125165335
HLA-DMA	24.2986318971774	-0.0952683386815527	0.0990127242290019	0.112540965789747	0.307143052467852
RPL4	93.2845176826012	0.0808017843997666	0.0639226301891311	0.112182624039945	0.307143052467852
ANKRD12	16.1237446571001	0.0932487566703534	0.114049330673714	0.112466182239019	0.307143052467852
PAK2	9.37891972339482	-0.0881506973231307	0.115258747192055	0.113951706513368	0.308898709578874
GNAS	11.6651151510325	0.0929013061635429	0.114285671654448	0.114127462165019	0.308898709578874
YWHAB	25.9584380115455	-0.0910113274491669	0.0871111624832445	0.11737714924362	0.315090298174472
UBA52	122.859813649005	0.0752981155115524	0.0583693954373583	0.116971437582058	0.315090298174472
EIF3F	30.3135984559376	-0.0912809603594643	0.0912618958230126	0.117919916088797	0.31525528587005
H3F3A	69.7501919360756	-0.0884526651868521	0.0827111082636976	0.120404601820971	0.320589488588359
YBX1	44.0656194494619	-0.0844780475033491	0.0739295140015899	0.121323598490038	0.321728570894636
KMT2E	15.6598940927925	0.0840666956023732	0.116236940188809	0.121942397043545	0.322065605094846
MT-ND2	96.8648652104542	0.0891321987811336	0.106307435373047	0.122478245526661	0.322181730200655
SQSTM1	10.1933506700697	-0.0814196019840259	0.115453369054935	0.126346449845513	0.326316083777535
ATP6V1G1	23.5951648720019	0.087912583458546	0.0861986771830863	0.126540893556479	0.326316083777535
RHOG	9.37467726836069	-0.0825314941758902	0.11564830122529	0.125481780389267	0.326316083777535
PPP1CA	17.4535164429944	-0.0893794887507155	0.10243987595477	0.12591390791205	0.326316083777535
FAM129C	10.9359090138051	0.0592961732245993	0.114686740004145	0.124579411933982	0.326316083777535
DBNL	9.99003697205907	-0.0792860599693467	0.115705812347492	0.128639476565255	0.330426890785262
UBE2D2	19.0924593199363	0.0885588412667478	0.0984718251727099	0.13007405674597	0.332806668627383
CALR	11.8977729481231	-0.0851700169705004	0.108368886776577	0.1312197610995	0.334431686848921
ISCU	17.2328395940929	-0.0873918064300926	0.099847666860365	0.132496758284665	0.336377428978511
SMAP2	11.5393812416842	0.0834720527105407	0.112063347502339	0.13538614651483	0.342342225945419
ITGA4	12.2710764922037	-0.0790977155961354	0.113193355435981	0.135891570604288	0.342342225945419
CXCR4	23.0157441721505	0.0550903197870428	0.112229707544786	0.138141264673575	0.346676353874297
RPS26	214.008465390471	0.0424854789456078	0.107404729825942	0.140345279298104	0.35086319824526
UBE2I	13.6797395506965	-0.0835935966910215	0.102698525707274	0.141790960018011	0.353129577231168
EIF3M	11.158287188981	-0.0786433341812462	0.108113042699882	0.147083991584694	0.364924297302935
ARPC5	11.8096778777679	-0.0806739673676897	0.105760598124373	0.149977628370196	0.370485321525638
ANXA6	11.7651687243946	-0.0795946326213547	0.105181115159759	0.151197476169564	0.370485321525638
ETS1	9.73057446154978	0.0665643577018719	0.112800774096558	0.151008689377731	0.370485321525638
GPX4	15.3640107944222	0.0816822909167142	0.101488461022983	0.151587887280719	0.370485321525638
RPL10A	150.308726817425	0.063995254466654	0.0525851513113792	0.153895258723402	0.374726373471481
EIF5	11.6751137794958	0.0679859313841198	0.111169346628958	0.15778057101531	0.382763977833436
ANP32B	16.627740578476	-0.0753544170033816	0.105272984540502	0.161039140930158	0.385239758909486
TPI1	15.2539269099495	-0.079398732168564	0.0983777698875368	0.161153731207938	0.385239758909486
HMGB1	38.6933604539941	0.0762324660829896	0.0738121350064123	0.160361430414458	0.385239758909486
LINC00926	26.2029562131223	0.0771110064518065	0.103793933430896	0.160536729617283	0.385239758909486
IFITM1	26.3673832667687	0.0579443051569296	0.110151604755044	0.163437997360847	0.389279593714018
MT-CO2	790.684876583279	-0.0751476234070718	0.0898773630727357	0.164828223935774	0.391168429992507
NSA2	13.5110877326466	0.072829332814389	0.106855556268808	0.169363963746907	0.400481574924996
CCNL1	11.7540739048471	0.0703305360251535	0.106550430541685	0.172471460888206	0.406362614682644
OAZ1	59.5401033870145	-0.0729776842835447	0.0727258317603862	0.173289075912309	0.406825608324596
FCRLA	12.1061931536372	-0.0715823177265643	0.104431051266343	0.175131597907598	0.407222456201494
FOXP1	13.8606067330147	0.0635969571036391	0.108223969748219	0.174212579015979	0.407222456201494
FOS	29.9487578084298	0.0368357263159722	0.104581163539093	0.175323255952399	0.407222456201494
S100A11	11.5228618633546	-0.0511918175081167	0.10858679888356	0.177643454253276	0.408424063387068
LAMTOR4	12.2103229885001	0.071020339429188	0.101756013799921	0.177711233687503	0.408424063387068
BTG1	74.2434345528071	0.0715102333513345	0.1048225913922	0.176539085951243	0.408424063387068
UFC1	9.98524170405252	-0.0695005265814016	0.101650429809016	0.179083407835672	0.408852160001951
SRP9	10.0996571731611	0.0665387439206921	0.107096510432357	0.179145908275664	0.408852160001951
ZEB2	9.5409474113287	-0.058123384878491	0.107670188326339	0.179975991690487	0.40906045902194
ERP29	23.2418146204017	-0.0731755615904064	0.0959804145607368	0.180486217797467	0.40906045902194
ELF1	9.62922411467778	0.0670301289225977	0.107229864393551	0.181149888181949	0.40914888537647
HNRNPA2B1	43.5593202527381	0.0715095107527144	0.0743796265114538	0.18333923369405	0.409853918326289
COMMD6	35.6350203655851	0.0747000279294861	0.0860671342913743	0.182537959860423	0.409853918326289
LIMD2	46.2762276373712	-0.0748451177527744	0.0885354165294623	0.183257063655477	0.409853918326289
S100A4	50.401368703528	0.0584227510749582	0.107892786387199	0.190084624199969	0.422052301189761
CD47	9.9742252266205	-0.0686491075187308	0.101822523966284	0.189694113128192	0.422052301189761
RPL7	76.3229995145243	0.0707120207255842	0.0765502134616078	0.192624157644311	0.426246024516972
PPP1R2	10.2092548202031	0.0673099287956003	0.103633844960944	0.193328692869187	0.426364625687939
SARAF	33.603690011618	0.0667813284096729	0.10158302976321	0.195159437714148	0.427523182952397
SEC61B	13.6084551861318	-0.0672179347271481	0.102070944768915	0.195114820421331	0.427523182952397
STK17A	10.7559022916112	0.0681602880245798	0.101219402464715	0.201386737946844	0.43969437785061
UBXN1	16.6767320394482	-0.0690156760441567	0.0917015221857456	0.205932963237463	0.448126547908766
RPL31	69.6244725826673	0.0663834544321203	0.0710679643014539	0.207813859932923	0.449234581703184
MT-CO1	726.741360334704	-0.0694071723612656	0.0906584192727253	0.20751315556083	0.449234581703184
PNRC1	48.3813369730866	0.0685625891464406	0.08792131786844	0.209419870270396	0.451217154694439
VIM	54.6916897356241	-0.0686966414731137	0.0872025637697497	0.214082866757706	0.459751730250156
PSMB1	10.5183256809315	-0.0646524302755388	0.0988870662797335	0.214797431228451	0.459778815211227
EIF4A2	20.2316916407133	0.0665922193006451	0.0931473104303517	0.218010536441414	0.464210934981927
KLF6	47.9718675654108	0.0550348114618416	0.10491656605543	0.218285447289211	0.464210934981927
EEF1D	77.6079775682121	0.062402665776205	0.0663401148703611	0.220725485729242	0.46788088398917
PLAC8	14.6320947370576	-0.0578231793299577	0.10260295419311	0.22155016428581	0.468114056797437
RAP1B	12.5738041271875	-0.0627606282700133	0.0999662813845174	0.223224113942048	0.46943027396298
CRIP1	17.3756219741549	-0.0477158758140782	0.104635968308498	0.223940847584103	0.46943027396298
TSPO	9.36582065920699	-0.0500679617654804	0.104842373907867	0.2243231690846	0.46943027396298
CD48	21.932382047095	-0.0665577126643086	0.0856788339542786	0.225114432638964	0.4695858387851
MOB1A	9.48800974382447	-0.0597083702157605	0.100008602046163	0.228049921741241	0.474199043620676
MTSS1	11.4857321870075	-0.0570750549601432	0.100802383609698	0.229801305500436	0.476059771610336
IFITM2	21.9668273282517	0.0541239271436188	0.102840073492755	0.23039839328317	0.476059771610336
NOP53	31.891920757428	0.0670879901129759	0.0805676278610146	0.23192987246823	0.477717190146826
MEF2C	18.6157017657367	0.060358735771874	0.0989112074556925	0.233839030606232	0.478482536547392
ATM	9.72892618839296	0.0589535080528509	0.100234563886743	0.234998215103845	0.478482536547392
POU2AF1	10.8514980179938	-0.0602342719531945	0.09797283153442	0.233919094975101	0.478482536547392
MT-ATP6	439.843933858208	-0.0628203031244103	0.0964588863041893	0.235223475982077	0.478482536547392
JUN	52.4828637401335	0.0440181513363118	0.103269324883512	0.243644115231244	0.485720820499735
CNPY3	11.421725844069	-0.0596740412355494	0.0975516226008333	0.241096874672392	0.485720820499735
TSC22D3	84.5609436837603	0.0468202828893354	0.103040598234195	0.242436250294614	0.485720820499735
EIF4G2	14.7254176605142	-0.0596684990996071	0.0952921733019965	0.243972748006737	0.485720820499735
ARID5B	10.7716606532181	0.0517526005706418	0.102165415809617	0.241677511658855	0.485720820499735
LDHB	19.464178056943	0.0616643112621059	0.0935374144450344	0.243809853230378	0.485720820499735
TUBA1A	10.0207366353121	-0.0556050698877357	0.100882120131104	0.242069451869767	0.485720820499735
YWHAZ	39.1698093245878	-0.0604771731998844	0.0717884110421682	0.250898147952884	0.497994808815573
STK17B	13.4972352531759	0.0559752401931082	0.0977288678094281	0.257251835483638	0.509063299824117
EMP3	40.1672400190605	-0.0496554189616116	0.101191015872196	0.260712511268234	0.514357514700884
JMJD1C	10.1547005185205	0.0542602676654597	0.098042205917059	0.263700394266339	0.518689964698055
CSK	16.8640766424489	-0.0577427395386548	0.0926700141071119	0.265193692345875	0.520065474510624
RBM39	22.9190236783896	0.0576690189922351	0.0916292782082842	0.267858810091381	0.523723942118968
PTP4A2	18.2221746417007	0.055768157466639	0.0934828018730667	0.271714564475605	0.526730388679677
CCND3	9.64758563964285	0.0509706721268551	0.0989129036477879	0.27180896392936	0.526730388679677
ANAPC16	16.2043531677165	0.0579033399071844	0.0919321557871509	0.270791231046802	0.526730388679677
COX6C	22.2343985049693	-0.0592618948995187	0.080260164478866	0.27362159268396	0.528678888519157
PPP3CC	10.1586566232607	-0.0547562612423735	0.0942523854126574	0.275707252425855	0.531141912761574
SELENOF	10.7596237970397	-0.052956367220294	0.0948119897269792	0.283984853154644	0.545484102100563
FUS	17.3158046631672	0.0539835883675677	0.0930655034767182	0.285715928318194	0.547204482597711
PARP1	9.89650068597336	-0.0507100339804034	0.0944264271935267	0.289152961549728	0.552172565058518
RPS3A	303.327721572217	0.0560157979791268	0.0764303920032339	0.290784921793976	0.552762317226863
LUC7L3	12.2204108760142	0.0503811738133707	0.0960640042875496	0.291149617470638	0.552762317226863
PTPRC	44.2197920989184	-0.0557345609709113	0.08401025949332	0.29368075952757	0.554453191691017
CD79B	27.1637679369692	0.0531763644807993	0.0932496678980386	0.293733217582874	0.554453191691017
RPS9	145.897395586655	0.0524472071858824	0.0632104583651284	0.294784348660086	0.554838357391829
HLA-DQA2	13.8344978233967	-0.0181654755631548	0.0995590190862392	0.296397766080348	0.556276609692344
TAPBP	15.4101267392015	-0.0513886302807745	0.0927596943687541	0.297447292334018	0.556651361367949
NT5C	9.88112049821206	-0.0514305756968987	0.0928972300244055	0.29893773807878	0.557846776186898
PLPP5	9.66365383683576	0.0366098106163373	0.100487336704464	0.300989530619791	0.55908878242024
ZFP36	28.3928022628701	-0.0452718307022175	0.0985386203784367	0.301310443044801	0.55908878242024
COX6A1	20.7853006791145	-0.0543344285080695	0.0791363281828656	0.304197323574424	0.562850980060022
SMIM14	11.8267327602547	-0.0406511584534021	0.0988142384322246	0.309162167758259	0.563945269976293
PNISR	30.3554855645166	0.0535186856936557	0.0793428444398022	0.306661315115219	0.563945269976293
NDUFA4	16.6479609351601	-0.0544120989537228	0.0821197705418106	0.308271928934955	0.563945269976293
SH3BGRL	13.3092164778933	-0.0523125567140308	0.0884728899273572	0.3091864332536	0.563945269976293
ANXA11	10.0979351799559	-0.047492130113351	0.0959166199673476	0.309464191771708	0.563945269976293
CNN2	16.0274043110263	-0.0524493764113887	0.0897188904024836	0.310156022450044	0.563945269976293
COX6B1	20.6315402837902	0.053629713978607	0.0817569235373272	0.310815637345713	0.563945269976293
TCEA1	17.4543907701982	0.0534021944794588	0.0837364541861026	0.31233844124189	0.565142759705629
SERF2	64.9496594349196	-0.0504424928298144	0.0662060179534041	0.318043072844389	0.573879373865219
UBE2J1	14.0087814814125	-0.0456158156798327	0.0962001482743382	0.319110524295266	0.574223608278569
HLA-F	15.190961435315	-0.050648810819816	0.0871247547330621	0.322024666451597	0.577879880892591
SMDT1	20.0344513528282	0.051840695448315	0.0835442658260884	0.3237930325894	0.579465673076658
SLC25A6	42.5285219135928	0.0501884534844847	0.085844688239602	0.328403908468325	0.584411123439457
RAN	18.3254343055796	-0.0529791515869493	0.0814088931807776	0.329233136716274	0.584411123439457
SRSF5	30.060026727857	0.0512955194886179	0.0804764631051507	0.328487808699926	0.584411123439457
CYTIP	10.2688799254403	0.0408198608404124	0.0978088728226973	0.331506982845007	0.585469878754078
SYPL1	10.1192613727598	0.0447291559714685	0.0954835414075748	0.332511137246591	0.585469878754078
SRGN	12.0019465382603	-0.0413535739597332	0.0976136050020254	0.332224395035103	0.585469878754078
ARL6IP4	15.0322730884067	-0.0497112355638333	0.0856547016655421	0.334149331770433	0.586776976701431
HSP90AA1	23.9732701369766	0.050547509325256	0.0829053030731427	0.335881193331732	0.58824112735905
SRSF3	10.0887286165811	0.0459494006042099	0.0935743877556938	0.33948913302184	0.591397292897088
GSTP1	10.9541239907915	0.0393506559797929	0.0973338515129179	0.339066136935185	0.591397292897088
ITM2B	22.8302723786805	0.0456068221023967	0.0926982614988528	0.340958263725006	0.59238106827554
SMCHD1	18.5899818920855	0.0432194117343881	0.0939756337798087	0.344286647282941	0.596581359709858
EIF4B	19.991010973821	0.0458627505272719	0.0899010815202165	0.350041057526483	0.604952223429674
SYK	10.0444785604785	-0.0370966752658944	0.0969554787289089	0.352964535828579	0.608399397283471
SET	15.4001208452039	0.0438087967432244	0.092240065326924	0.355680941858438	0.611472485347183
PTPN6	20.7784362367828	-0.0451701409777079	0.0887560881581722	0.360813974010934	0.618673175332884
AES	25.9658996623708	-0.0434937161559538	0.0915633399210694	0.363520836655272	0.621687070520113
SERBP1	11.6141460989495	-0.0394303373090502	0.0866869747858564	0.365844164378143	0.624031061634594
RPL27A	61.5056228424678	0.0474551345502915	0.0757169134440741	0.370021938469046	0.62626452118146
C11orf58	10.4380063581464	-0.0450979272657095	0.0880784883570497	0.368694442061972	0.62626452118146
PSME2	11.3015511614165	-0.0438933850375191	0.0887482676569224	0.369731079666157	0.62626452118146
HMGN3	11.9328935483669	0.0434215269180776	0.0901910235160383	0.372624648860715	0.627427107978839
CD69	18.6733766064349	0.0299482845634933	0.0983322904904234	0.372171237848273	0.627427107978839
DBI	10.7572305512537	-0.0409071624833955	0.0921623131237318	0.381049178513735	0.638798107649154
EID1	10.0038256640587	-0.040853692823279	0.0916552072670853	0.381328336016518	0.638798107649154
CAP1	12.6366054770749	-0.0437491412012117	0.0859106068566888	0.38422995420656	0.638911438451605
KRTCAP2	12.0595349505905	0.042470064394211	0.0893074595356152	0.387717793575357	0.638911438451605
NPM1	47.9938886816884	0.0448367693881497	0.0742167383745376	0.388896630572567	0.638911438451605
COX7A2	15.3585255791006	0.043560381121888	0.0869476730841996	0.389199486934642	0.638911438451605
SELENOH	15.072448681347	0.0431792071201283	0.0872908683499803	0.387677455378797	0.638911438451605
APBB1IP	10.1107864796052	-0.0394886279836842	0.0927984125421826	0.383048562768917	0.638911438451605
ERH	9.90531831031228	-0.041345591622228	0.0905355981508891	0.386534701557022	0.638911438451605
MT-ND1	163.838944115898	0.0440902917538893	0.0850399674323251	0.386416428758954	0.638911438451605
HLA-DQA1	60.5180552315791	-0.0437427436888324	0.082114613586398	0.390576622966567	0.639569220107753
ZFP36L2	36.4266304031821	0.0339681063885271	0.095767722701956	0.394565123667633	0.641304343740147
COX5B	17.3516742692754	-0.0435215000809564	0.0809713148227423	0.396531693457648	0.641304343740147
BANK1	30.2260128791886	-0.0424196543571708	0.084843830838045	0.394305076213415	0.641304343740147
HIGD2A	20.4730947372157	-0.0436124636339341	0.0795490281980639	0.395952796152069	0.641304343740147
FKBP8	9.44262405489341	-0.0392055822676758	0.091575786540591	0.395076149025447	0.641304343740147
SOD1	14.7450737115329	0.0427991788851393	0.0845683415854861	0.397731265847261	0.641660047118118
C4orf3	13.3055816420432	-0.0411986819935161	0.0871429616238414	0.403193102021297	0.645700444557334
HSPA8	38.6301622815814	-0.0406987148152548	0.088759353703316	0.40240643228276	0.645700444557334
ST13	13.2009881227532	-0.0420338849303769	0.0851150826877218	0.401933279819332	0.645700444557334
GRB2	15.5817182051669	-0.0403776352790745	0.0865267589089444	0.407699139087798	0.650964723260931
EIF3L	22.0236932066722	0.0421286450722484	0.0822520991449827	0.408467940855332	0.650964723260931
TUBA1B	9.96679307154412	-0.034512436726095	0.0947550516636787	0.409550284757123	0.651105428436689
ADAM28	10.7816511261135	0.0348981424117239	0.0933247125555441	0.412479491928008	0.654174496883402
RALGPS2	24.4391913941072	0.0385921686741796	0.0880622749068078	0.415730012363426	0.657737096855179
ARF6	17.117523304402	0.0397883244989844	0.0857005200809871	0.421626493543353	0.665458682580473
COX5A	10.4592987874746	-0.0379479717513	0.0883960383950473	0.426456715713643	0.671464299981818
ACTR2	10.775848688007	0.0364147805531866	0.0897467477055802	0.432331578493672	0.675840534399416
CLEC2D	9.66437236252092	-0.0339923975909567	0.0923779299498239	0.431097670968088	0.675840534399416
ICAM3	13.9372108909403	-0.0387848725358746	0.0854038620605766	0.431659489271824	0.675840534399416
LBH	9.5135928054624	-0.0358615283091434	0.0898448026652777	0.435750952716332	0.679563985783803
NSD3	9.83360205694744	0.0360509640479326	0.0897471733861755	0.437727653151384	0.681025208584695
OST4	22.9616681861161	-0.0390187652049773	0.0741137409864071	0.440483388192318	0.68368867124637
HSPB1	10.4130156446766	0.0166577279612136	0.0981703537958173	0.443442175819291	0.684262470201267
ARF5	9.88834631731301	-0.0363693161422241	0.0879966034523858	0.444963205868682	0.684262470201267
SCAF11	10.1458965621484	-0.0341242918609096	0.0903779666107611	0.447800634285047	0.684262470201267
PSMA7	13.2281826186573	-0.0375865623371245	0.0849144783334846	0.445517608430779	0.684262470201267
FXYD5	42.6720862230661	-0.0384686218594652	0.0817630208774573	0.448165801093654	0.684262470201267
UQCR10	11.8427443147027	0.0377961888950262	0.0856975799706354	0.446139800624736	0.684262470201267
XRCC6	9.84911422154096	-0.0366060915475131	0.0878440180359325	0.442394195285056	0.684262470201267
IGKV3-15	40.0415005350907	-0.00704493959456141	0.0985905448584024	0.45369042070005	0.690177574516883
HLA-DMB	12.1741264623245	0.0365878121272938	0.0856157510932418	0.454147381094315	0.690177574516883
KHDRBS1	11.6897885329273	-0.0345349422828039	0.0885208271926692	0.45709430171873	0.691447500290457
LAMTOR5	10.378298199233	-0.0353971210160596	0.0870211937886577	0.45651857543484	0.691447500290457
CD44	11.1927005937201	-0.0340057175478783	0.0881299342049651	0.466999209720514	0.704802954762526
EML4	9.3337169663556	0.0317697335876043	0.0887149517898927	0.47432918592748	0.707309316800345
HNRNPA0	14.1579391205193	0.0348758573595109	0.0849181080026986	0.476208462308824	0.707309316800345
FLNA	13.3546243651257	-0.0295051443182375	0.0921656083557958	0.47621894459382	0.707309316800345
SF1	26.7263368166909	0.0361816814444717	0.0802651463137471	0.471199893883473	0.707309316800345
NEAT1	19.5095414255899	-0.0299513540213586	0.0917940336607368	0.47474739657113	0.707309316800345
PPP1CC	9.4363799784462	0.0332699113515001	0.0887051273999298	0.47288243660306	0.707309316800345
PPP1R15A	15.5879237442	0.0282115534759725	0.0941705577443588	0.471821095975817	0.707309316800345
IGKC	32.5779392763179	0.0278852505976584	0.0930548467674319	0.48559129383627	0.713144164714702
HCLS1	18.212644125502	-0.0354313992537985	0.0791472830098082	0.482816040831836	0.713144164714702
ACTB	325.910200413208	-0.0358093123670367	0.0725371690483753	0.484213610751883	0.713144164714702
HNRNPC	18.2293662096909	-0.0346560077540599	0.0831149181051583	0.482697761303918	0.713144164714702
PSME1	27.7504598445454	0.0355339947330543	0.072334053679382	0.485050249248126	0.713144164714702
HNRNPA3	14.5510149344399	-0.0337460016948924	0.0822046955907788	0.493040386616048	0.720534567724852
PCBP2	58.249627154524	0.0346590803802953	0.069996763802208	0.493863337805884	0.720534567724852
GABARAP	24.0716500208281	0.0348807252477371	0.0733869472543197	0.493923696043448	0.720534567724852
CNBP	21.5504134597539	-0.0335045538374386	0.0750229296567521	0.50156482826194	0.727993852244944
EIF2S3	14.1419721701403	0.029932774334611	0.089054967242979	0.502371330098801	0.727993852244944
PGK1	11.4295268112556	0.0316907526325487	0.0870042106929937	0.500395981021463	0.727993852244944
SF3B1	11.770841676083	0.028193454636847	0.0908957637218863	0.503943587852894	0.728660154621734
EIF3G	14.7914129031347	-0.0327952383665354	0.0812304501736206	0.506377513219546	0.73056667656124
IL32	19.0798018124149	-0.0200702864154684	0.0961771338417602	0.510456972006321	0.73483366299811
CXXC5	11.1018684885214	0.027555910889519	0.0907806029073769	0.512055751011053	0.735518677439123
TBC1D10C	14.6932197810274	-0.0310658382759567	0.0822414880136732	0.513500581264031	0.735527648930623
N4BP2L2	13.4676337333773	-0.0313944758727874	0.0839688428305957	0.514587893520738	0.735527648930623
HERPUD1	12.2268918804561	-0.028675793016028	0.0894147143882455	0.515430825739169	0.735527648930623
BCLAF1	12.0718973902438	0.0291985933078788	0.0884549462503303	0.516747532839959	0.735803552196028
ATRX	12.8718771680445	0.0281481945957428	0.0891982573919222	0.520012917308087	0.738005739610979
LSM7	14.9380635865764	0.0317789976758372	0.0824556937135954	0.521204494400503	0.738005739610979
SNRPD2	28.4343932633785	0.0320739814839056	0.0739207432960027	0.521674286167761	0.738005739610979
FTH1	134.703088849966	0.0311046014514749	0.0779897175885364	0.535165762891061	0.755460290288028
S100A6	37.5183882664367	0.028894313266083	0.0862285051575547	0.53855091276201	0.756893876884919
TPM3	25.2072186159983	-0.030315974918534	0.0727680937679439	0.539648000771385	0.756893876884919
RNPS1	9.4256359775194	-0.0277694271749071	0.0877903069381463	0.538337541784026	0.756893876884919
EIF3H	20.5221754974812	-0.0297803718690813	0.0810587480615785	0.541320327820126	0.757617125474749
IKZF1	12.1311193182997	0.0277155478694634	0.0867770828732147	0.545627145322795	0.762016588883648
SEPT1	11.6046113186518	0.0272226602253242	0.0860780721176118	0.549742789381521	0.766130908606162
CSDE1	14.1337251190043	0.0271200932550123	0.0862778904340994	0.555858705668625	0.773009452681421
IGLV1-44	10.9337705068667	-0.00555243351477808	0.0984299615134999	0.559753558293094	0.776776653987238
BTF3	62.4054406214727	-0.02824003827738	0.0637900073835673	0.566280441250701	0.78237069547978
EZR	26.6747325245495	-0.0263968675957086	0.0858347999127076	0.566840376987971	0.78237069547978
CALM1	38.972131776231	-0.0288086769452131	0.076203564764139	0.567368061607474	0.78237069547978
RHOB	16.7727816547452	0.0115299928479271	0.0974799214846314	0.570250904436669	0.783048935861674
LRRFIP1	14.1685781332884	0.0269078050155374	0.0842975225355411	0.570094054000355	0.783048935861674
CCNI	42.7090551043774	-0.027735218909319	0.0773597649628106	0.578211710319183	0.789018063039719
TUBB	10.8283612372825	0.0263916793653032	0.0847568730653571	0.576444312628848	0.789018063039719
PSMB10	10.1083970917634	0.0252066447647557	0.0869353818440771	0.577778119368914	0.789018063039719
JTB	11.2412524492024	0.025834435320997	0.0849463376439971	0.58019541836548	0.790079000061101
COX7B	10.0377065337696	-0.0246538116959774	0.0861655235239297	0.584670714202458	0.794521406229482
MYH9	12.889755392755	-0.0229120715413928	0.0878156792978976	0.593670588709294	0.805081233135792
UXT	15.7495193466341	-0.0257869743699233	0.0797375713465729	0.599775553058949	0.809314973544607
SEPT6	18.2532511483173	0.0237387983178436	0.0861145285822755	0.598331040989635	0.809314973544607
KIAA1551	11.6767199163331	0.023629436396495	0.0862034879769126	0.600499354416303	0.809314973544607
RPS24	222.583614161689	0.0251873062550224	0.0642486299376231	0.609589886522377	0.811547511528775
ADD3	13.0524156561322	-0.0233768796340018	0.0847197563139386	0.609464518352671	0.811547511528775
PRR13	22.8613535224449	-0.025641435946265	0.0748271646222902	0.606393638053492	0.811547511528775
SRSF9	9.92413255833032	0.0241246976861646	0.0847815618583206	0.604609485935772	0.811547511528775
AKAP13	9.45434975970098	-0.0224697951714204	0.0871244565598917	0.607832759317546	0.811547511528775
CSTB	10.1610187800266	-0.023072843369547	0.0860955920582504	0.607971083889074	0.811547511528775
MARCH1	9.9293017706541	0.0216004911973088	0.0880445610976879	0.616108265736393	0.811973670135488
TMEM258	10.8137100610314	0.02379696712031	0.0836474793072499	0.613792002027727	0.811973670135488
ARGLU1	17.518522342447	0.0233718110007709	0.0837237612314347	0.61565602734527	0.811973670135488
TRAPPC1	12.3576101943505	-0.0233532107426905	0.0820470274664831	0.611524859309946	0.811973670135488
SRSF2	12.1126637682954	-0.0216880364502838	0.0882586360463103	0.614417082761852	0.811973670135488
IGKV3-11	30.0234017839223	-0.00502336220746311	0.0983170004103949	0.620449434221248	0.814417594017871
STX7	9.44378446732632	-0.0205531139494784	0.089034133299293	0.619707091233663	0.814417594017871
DDX24	10.1909457107077	-0.0226338440136367	0.0847392713661222	0.622352810602922	0.815282181889828
PNN	12.3284427194242	0.0226971276427282	0.0828298020951089	0.627200016344691	0.817299650761349
H3F3B	96.0296286336425	0.0244655159598552	0.0742454843709258	0.626021701792463	0.817299650761349
ARHGDIA	10.1409329912676	-0.0220337906632042	0.0850179956501026	0.627636220355662	0.817299650761349
EEF2	97.4903431866406	-0.0233180806290332	0.0645952589570366	0.632559940173506	0.820449031314151
CHCHD10	15.5629565394851	-0.0227204661119263	0.0803192033776936	0.632361063970127	0.820449031314151
H2AFZ	9.49281394479767	-0.0210682484283461	0.0856411642955139	0.638230147934281	0.826167483986075
IL7R	12.7142925791481	-0.00922086335932629	0.0971949435240069	0.640438128123517	0.827390481106318
ACTR3	14.8458016686929	0.0220873923129303	0.0815274638753641	0.647070039514245	0.834312747798879
RPL36AL	48.8395157173601	-0.0222743872063391	0.0634271012067931	0.649006980251006	0.83516615336819
SKP1	18.0658448459904	0.0213826207392863	0.0759342339104305	0.65283818032517	0.83844903551566
HMGN2	21.3150853848554	-0.0219796797361586	0.075905308587495	0.658297623916393	0.839943174326401
IGKV4-1	32.6338741047251	0.00426257503432061	0.0983387638694682	0.659234701814524	0.839943174326401
NDUFB11	15.5672630551976	0.0205730819331962	0.0789750715839486	0.658707917922151	0.839943174326401
PTGES3	14.5651070735443	-0.0212642408929789	0.0793139294668431	0.661774396719534	0.839943174326401
MORF4L1	11.8300153725751	-0.0205383431514138	0.0829749151962458	0.662978047521754	0.839943174326401
IGLV2-14	31.5321500869929	0.00398195967386517	0.0983812400629424	0.661468278715399	0.839943174326401
DDX17	17.2211321159735	0.0201231423129535	0.0818103898517097	0.661882549832588	0.839943174326401
LCP1	17.3387087842975	0.0206764248383404	0.0798843850998576	0.667787917969084	0.844403641447394
LYN	11.125235936559	-0.0192031729314293	0.0849881649038245	0.670244343069653	0.845876772082124
ATP5MPL	11.6093213726717	0.0197299057751543	0.0816664235796598	0.677781592790301	0.850473071413117
ISG20	15.5281111501073	0.017958000324305	0.0882636179370085	0.675645188426962	0.850473071413117
COX4I1	58.0457821606061	0.0192670731973079	0.0559770695109337	0.67712933762987	0.850473071413117
ATP6V0C	11.0820294216451	0.0190680723386691	0.0835039015155348	0.681158132142369	0.853075672185949
SEPT7	19.0904174811694	-0.0185366713464628	0.0832219594884793	0.686254076249854	0.854555931451814
RBM25	10.4903168071732	-0.0179845789416575	0.0854549119157251	0.684753932406762	0.854555931451814
LGALS1	14.8049124411369	0.0127655105035042	0.0940438613337502	0.685503295045183	0.854555931451814
IGKV2-30	25.9741566683407	-0.00349918903504977	0.0983590361261488	0.688957228986048	0.85502326818564
RNF213	9.36524392814668	-0.016220274225659	0.0886255447432313	0.689240130690103	0.85502326818564
ENO1	11.4953341340348	-0.0185255340061359	0.082972993252999	0.695243671594439	0.860840462938294
VPS28	11.3820323291637	0.0206536087373224	0.0815566282375353	0.696815703777038	0.861159030139548
ATP5IF1	11.5049708002305	0.0190785836187378	0.080941951474327	0.698771861353491	0.861950224456754
TNFAIP8	10.3727302466056	-0.0169875130881938	0.0847177327419502	0.705465425445426	0.864491580564256
ATP5MD	12.3836906769221	0.0180940933947309	0.0812582219731582	0.705057808416329	0.864491580564256
RPL21	101.079794455818	0.00956531995612714	0.0962489679812267	0.707041936799123	0.864491580564256
IGHV3-30	12.4310343343213	-0.00471344474357323	0.0979974340517845	0.707431278141132	0.864491580564256
EIF5A	13.0901438837064	-0.0176458050076708	0.0819638777226004	0.707178077109028	0.864491580564256
LDHA	9.47469440212423	-0.0168978445013897	0.0842269825348211	0.709985330420563	0.865652165797988
CDC37	13.371757281835	-0.017288561402237	0.0817221540606089	0.711024221678347	0.865652165797988
PKM	14.0763917218294	0.0179364204645161	0.0813508565948519	0.721329229264162	0.875529105722227
ATP5F1D	16.723602959859	0.0168548701959723	0.0773570181848318	0.721810255099241	0.875529105722227
ACAP2	9.41750233203267	0.0159844686782674	0.0844226525820153	0.723324170688458	0.875743681702292
HNRNPDL	35.7334969845024	-0.0169196085469016	0.0664302818809001	0.729836587209293	0.877143054352453
ATP5MG	37.5658235183667	-0.0168261825168382	0.0630252529570431	0.728590587964403	0.877143054352453
JUNB	42.9652721753813	0.0145744502330237	0.0880151741607127	0.728193420431097	0.877143054352453
MT-ND4L	355.204669353757	-0.0168114397607309	0.0721006819687879	0.727505227778301	0.877143054352453
RCSD1	12.1311570400904	0.0144567863751627	0.0833507782841071	0.752041745604511	0.883703447859925
SP110	12.6427280937966	0.0144569587064515	0.0828385435034753	0.754602860922752	0.883703447859925
UBE2D3	17.2409350902109	-0.0144208136290956	0.0797516697754008	0.755532718781005	0.883703447859925
DEK	10.469237681866	0.0143031146391736	0.0837546983681587	0.749842949686824	0.883703447859925
RIPOR2	21.2627625724974	-0.0157218012300809	0.0769244493441337	0.745488543046095	0.883703447859925
NDUFB2	11.4045205775941	0.014920094228579	0.0813129818497355	0.751770366450459	0.883703447859925
C9orf16	11.3317492878809	-0.014666787403893	0.0824854608001862	0.754081976862836	0.883703447859925
SNHG7	11.0932322606684	0.0145539192126039	0.0857734965201147	0.739034241064683	0.883703447859925
POLR2L	10.4270323369094	0.0141565419279985	0.0853436298679521	0.747464920217032	0.883703447859925
HNRNPF	9.35651304439451	-0.0147279451755201	0.0852720308428379	0.738737272796614	0.883703447859925
GTF3A	13.5127922036939	-0.0145294492303336	0.0794187230182189	0.746348094154107	0.883703447859925
DAD1	9.33080655911048	0.0145826397253747	0.0830260822186026	0.748706632063589	0.883703447859925
UBL5	17.0825360924264	-0.0150491606407637	0.0769698740328823	0.75306012067986	0.883703447859925
C19orf53	11.8759201923018	-0.015255384777801	0.0820384171466745	0.742173833081566	0.883703447859925
GMFG	18.1030655336608	-0.0151214796243894	0.0802472785025253	0.746833802959823	0.883703447859925
CCL5	23.7943287008558	-0.00630538123709932	0.096701023458208	0.756964379603295	0.883799765846984
CMPK1	10.8887490790437	0.0141751791016918	0.0826299711393234	0.7590719246168	0.884683470861216
PABPC1	76.2965101034254	0.0141553048693343	0.057684412786089	0.762372765257405	0.886952329029485
MIF	27.2453992822655	0.0146949608088342	0.0729073935631998	0.768468050495095	0.892458462897672
TMSB10	288.795541694663	0.0141504407473879	0.0614420735341183	0.770200696285837	0.892887532862342
EIF3E	23.3213649703714	0.0140846414950783	0.0735870994989196	0.772787933280911	0.894304057065366
HNRNPK	21.7978545898011	-0.0138715002711539	0.0744893270489232	0.77757426659762	0.895098672445415
RSL1D1	9.79007094588447	0.0124688870735566	0.0854082538108321	0.775625837419293	0.895098672445415
MT-CYB	366.159896784542	0.0142902929429972	0.0799171861750392	0.777530182624756	0.895098672445415
SPCS1	13.2885712988013	-0.012563006060977	0.0793905547992997	0.782025347264306	0.898643162207228
TRAF3IP3	14.5422245791276	-0.0117652024311587	0.0854618139600575	0.785563265487389	0.900297284005144
SRSF7	17.618354597212	0.0124182283390081	0.0820403699499449	0.789430849480743	0.900297284005144
GNB2	11.9507064414104	-0.0116450220879218	0.0859364590841066	0.788350978937393	0.900297284005144
ATP5MC2	46.5925105431399	0.0128581967880801	0.0621510219457731	0.789614582734726	0.900297284005144
PEBP1	13.9091501393731	-0.0122409776575295	0.0816114243790057	0.790337310386195	0.900297284005144
HINT1	43.7711421622109	0.012411098579545	0.0642868916379638	0.799277496941634	0.905926256419877
HLA-C	172.22807861088	-0.0110061173266388	0.0853388409317972	0.800811148804747	0.905926256419877
TRMT112	13.6517611869131	0.0119857291701124	0.0805432203370593	0.800148355410327	0.905926256419877
ARHGDIB	62.5543292198699	-0.012171245929962	0.0600288564551171	0.798759970348668	0.905926256419877
EIF3K	29.3379931989277	-0.0122109031569171	0.0662892968073164	0.803575730585133	0.907486385402177
SUN2	10.1102261650358	-0.00984080277744222	0.0882863155680392	0.805877661369926	0.90851956660465
EIF3D	10.2129158887721	0.010720476966814	0.0848500618771316	0.809302969339724	0.910813479239724
HSP90AB1	35.7102667726441	0.0113002931609094	0.0668032073463107	0.818783618330239	0.919888465177624
ITGB1	12.0460643754278	-0.0094092199899443	0.0873781789310589	0.82017536437211	0.919888465177624
SELL	23.0925325693535	-0.0104661756391426	0.0817106888669027	0.821769514794529	0.920100909727208
RBBP6	11.5300812409471	0.00988334180125639	0.0842678550673689	0.823236712057209	0.920170727640737
MRPS21	11.3388750761299	-0.00948980867077101	0.0806345103267456	0.83512497370914	0.929630421878372
UBC	64.7301305154495	-0.0103162288404187	0.0675723359521572	0.833404062924044	0.929630421878372
ELOB	16.1836633000175	0.00988310982107911	0.0786026630427434	0.835957738147116	0.929630421878372
IGKV3-20	69.0351217130063	-0.00244305134785612	0.0978239556926047	0.846569959009527	0.935194004316367
LTB	90.0965518650279	0.0094714881356665	0.0772916152390867	0.845452429958406	0.935194004316367
MTPN	11.8043858076192	-0.00876442730193759	0.0823159445733886	0.846478050982115	0.935194004316367
C12orf57	16.7232325542741	0.00920042721746109	0.0804254976622765	0.846671823755123	0.935194004316367
RTRAF	9.90580276889251	-0.00869563325323849	0.0824730541703548	0.848194744156825	0.935298918220068
CD3E	12.9855830017808	0.00560355803064543	0.0933849101692734	0.855271777673907	0.938849690067469
HSP90B1	14.2181777558927	-0.00816987034278128	0.0826252907291795	0.855714908351571	0.938849690067469
SEPT9	10.1669823513876	-0.00732693681558821	0.087894812731864	0.853204671586881	0.938849690067469
MT-ND5	173.028157957766	-0.00860148418196185	0.067043591343179	0.860249387238969	0.942246402410577
WIPF1	9.47586464505424	-0.00694838446797231	0.0869600531901665	0.862812894696951	0.942443015170237
ACAP1	12.2248532054555	0.00786170759576702	0.0822998423696509	0.863705776963557	0.942443015170237
FTL	139.433821730018	-0.00770880196196885	0.0561868110818777	0.864745423079866	0.942443015170237
EIF1B	9.39015894135365	0.00680483200252207	0.0876906058857694	0.866648085480939	0.9429476677575
HP1BP3	10.5388589227401	0.00709063236011942	0.0846013893964383	0.871797338457461	0.943846705272128
TUFM	9.60201440583388	-0.00725473217921503	0.0834548060570511	0.870670995845287	0.943846705272128
ARHGEF1	11.1150714318366	-0.00660600034971745	0.086931391825106	0.870831882655786	0.943846705272128
PHB2	13.6493735478657	-0.00725597175438655	0.081365461386083	0.874002530489661	0.944672702096911
MYL12A	43.5318636090002	0.00774915556415373	0.0669080616793071	0.876445721714788	0.94575279690805
IFI16	9.4668074983225	0.00646658032570236	0.0857745524954103	0.880003629837591	0.94663568128319
PLP2	14.1033825217003	0.00651489588316195	0.0850691985771531	0.882409717225013	0.94663568128319
ALDOA	9.81186452035048	-0.0067667462174603	0.0822436034516265	0.883803874440046	0.94663568128319
TCF4	9.85381002252659	-0.00521261815590381	0.0900624779314071	0.885653488913324	0.94663568128319
WDR83OS	11.4523086280901	-0.00656209537187554	0.0816853955829309	0.885935378055871	0.94663568128319
CD37	127.819363645573	0.00682330709222978	0.0577057357156075	0.884882232744709	0.94663568128319
POLD4	14.9288699362236	-0.00634407204138604	0.0817634593140327	0.887616962229918	0.946887801727355
NCL	20.1208251095287	-0.00660816401170576	0.0793919571971803	0.890264935778414	0.948168346235547
ARF1	12.4588639686586	0.00590283837793499	0.0814595415823679	0.898965332336571	0.951387812057513
NCF1	20.667171996403	-0.00628520507884584	0.0761691370382054	0.896214488833367	0.951387812057513
HCST	11.0511426604653	-0.00512654854538583	0.0874057914558495	0.89909779490626	0.951387812057513
MT-ND6	44.8761170464238	-0.00562175963722592	0.0821265129006466	0.895131426344133	0.951387812057513
UBB	25.0966739598153	-0.00579477578748973	0.0707034019919933	0.903579334466483	0.954587845283139
CDC42	17.1944447030321	0.00526823831050587	0.0828726500609196	0.906922231177002	0.95503868395649
CHCHD2	26.5270841791624	-0.00567659764627171	0.0680275355297159	0.906435238625709	0.95503868395649
KLF2	74.344466716936	-0.00432678259046148	0.0877846453751725	0.910884980947712	0.957672010466695
NKG7	32.0069606158752	-0.00214850023148872	0.0964854345413516	0.913150303254113	0.958515142037571
HMGN1	19.4105775573922	0.00475620810519952	0.0828207600483481	0.915839400073021	0.959799691276526
LINC01781	10.5494709697791	-0.00344617326414006	0.0912755635163577	0.919962717795082	0.961045582385612
NAP1L1	18.4856193704138	-0.00472457770517551	0.0792753901012149	0.919591393495729	0.961045582385612
AUP1	10.8349285928571	-0.00462714777437573	0.0806905218798889	0.923633885921796	0.961812711095035
GNLY	37.9160562952713	-0.0014535404839876	0.0973783620207029	0.923124059156479	0.961812711095035
CAST	11.4133211412477	0.0039889507004174	0.0852218379028039	0.927032860088227	0.962868554053593
SPCS2	9.93905579896411	0.00418123339516336	0.0824692933613227	0.927587874210408	0.962868554053593
SAP18	14.1102818372172	0.00404084868281919	0.082268253785537	0.929445064051985	0.963269805307041
HNRNPU	15.7880312827587	0.00383781181494313	0.0782774620299507	0.932691163237095	0.96510696985829
IGHM	30.6063678981387	-0.00257293517487354	0.0916307831088944	0.937170762551808	0.968212696327183
SERP1	20.3218039631221	0.00359204088192698	0.0796684131345423	0.939522973413523	0.969114248166705
CUTA	12.7756118612331	0.0031863628012843	0.0825104391808299	0.945116073159756	0.973350672829623
SRSF11	14.890931214535	0.00289009600881097	0.0835112839196131	0.948493097192869	0.975295099939292
SP100	15.6097533266245	0.00262965870005023	0.0831901837934082	0.952927411582962	0.97831889433674
PTMA	181.154673827597	0.00236358402546591	0.0471786519319427	0.955095468035997	0.979010221539246
CTSS	14.4336349978032	0.00173566387158118	0.0797992900190717	0.971096199931585	0.985297837241998
SSR2	17.248175180421	0.00192492834904806	0.0761903189691122	0.969067236652771	0.985297837241998
TBCA	12.1764658121709	0.00204751406242979	0.0803848560211647	0.96588197524213	0.985297837241998
DAZAP2	28.8283340798034	0.00206745171481618	0.0718833645663066	0.969317387558851	0.985297837241998
NFKBIA	19.7190592424537	0.00151268727921708	0.0888072207077554	0.969969380650603	0.985297837241998
RSL24D1	10.9411111891921	-0.00158467633686507	0.0817092696939461	0.971759393676841	0.985297837241998
SNU13	10.8305350427214	0.00204003093164989	0.0827942967336548	0.964561425551437	0.985297837241998
MYCBP2	9.60945101071444	0.00139792945331589	0.0826054633633224	0.9759355019162	0.988002710595226
JAK1	17.5321594319656	-0.00119938873838273	0.0746740723839505	0.979796010658371	0.990380226822891
ITSN2	11.8866511175373	0.00106140145019969	0.0801639192207241	0.982738836841795	0.991497631360997
JUND	12.9744300864804	-0.000686195049455559	0.0881631728580945	0.985442683993907	0.991497631360997
MT-CO3	512.682485017631	0.000982267969260189	0.0727703603871985	0.98499007374971	0.991497631360997
ATP5MF	11.7371641035469	0.000755033053094784	0.0807197517648204	0.987583569312416	0.99184672872178
SRP14	31.2002765971642	0.00153365507708136	0.0639900752113157	0.988818189092095	0.99184672872178
TSTD1	11.6024824484785	0.000225136171541752	0.0828237476708775	0.996069886857324	0.997592929497779
PRKCB	15.0019058782965	0.000120804034691836	0.0832547218602983	0.99856827124061	0.99856827124061
