""	baseMean	log2FoldChange	lfcSE	pvalue	padj
ZFP36L2	67.7597703979738	-0.891764908686738	0.132564425198944	7.4029132554008e-13	3.58861675988817e-10
ZFP36	24.0339864932507	-1.55034649365847	0.228321202616643	8.01925532935903e-13	3.58861675988817e-10
JUNB	39.0136152570252	-1.00595109382631	0.177052040239535	8.52046839378066e-10	2.5419397374779e-07
EEF2	30.9196958813333	-0.66486839712029	0.122296782272347	2.56799726674105e-09	5.74589388433309e-07
DUSP1	38.4960704876867	-1.21930708811398	0.272342181478608	3.06659190571841e-07	5.48919951123595e-05
TRBC1	6.77626981826058	0.909671186937209	0.2120211108154	8.33852055913167e-07	0.000106613941434612
TSC22D3	19.0743337274026	-0.953010528574246	0.218306194169132	7.32268773644459e-07	0.000106613941434612
LINC00861	4.72010209604015	0.63585479402119	0.181010442051012	1.98022117332744e-05	0.00221537243766007
TMSB4X	202.52474341431	0.253359152684541	0.0721965225912225	6.73414160656369e-05	0.00611493152982509
GADD45B	4.45330837239857	-0.873333508673747	0.273380024832914	6.83232573164814e-05	0.00611493152982509
FOS	21.9023998904262	-0.177801751324335	96.8552128210567	8.28529899635601e-05	0.00674122054703511
HIST1H4C	4.37419608770167	-0.724806487990814	0.235720026013315	0.000105807730270175	0.00789149321598388
LYAR	10.9652085608943	-0.45475009046571	0.152836244664022	0.000187814181100996	0.0110607773212978
TNFAIP3	17.0755826289381	-0.761240789300113	0.267933006580547	0.000197734566637726	0.0110607773212978
RPL26	62.1592033311263	-0.400300507829162	0.134539810001206	0.000188894387245802	0.0110607773212978
MT-CO2	399.604860737647	0.324187590785187	0.103498436735819	0.000178504065549239	0.0110607773212978
RPL5	82.9232491555758	-0.228883898053864	0.0708357675544152	0.000218831507927801	0.0115208352703166
SRGN	24.7096155034601	-0.372861272446387	0.125599184370715	0.000264801958495429	0.0131665418251894
GIMAP7	7.46646200558215	0.642285908315181	0.246539497090654	0.000330504066987454	0.0142476851429993
LUC7L3	3.75646487690794	0.565993016821437	0.21100692370725	0.00031090717680579	0.0142476851429993
PPP1R15A	4.91109976643149	-1.10528693281077	0.419369872049252	0.000334303226818979	0.0142476851429993
ZRANB2	3.83325909450781	0.565023705275116	0.216900187604009	0.000441089592676139	0.017164138497615
FTH1	62.3078100692836	-0.38430933937502	0.141521939743693	0.000433385861783406	0.017164138497615
PCBP2	22.7829830608958	-0.306286649879767	0.111108162609519	0.000556402163718952	0.0207491640220193
RPS20	21.9346536953768	0.306813355699926	0.112028297220106	0.000625328460610928	0.0220332049936803
DDIT4	10.8613228295234	-0.589648449492266	0.239100036488035	0.000640070759592948	0.0220332049936803
DUSP2	52.5488432152636	-0.468773098674978	0.190326688138717	0.00068521740179011	0.0221788186547364
RPL35	61.5350276531764	0.217551606142121	0.0748869576585689	0.000693862483053206	0.0221788186547364
CXCR4	22.9736729531864	-0.456701404882808	0.185525740619461	0.000822997920990957	0.0253994185961002
RPL21	61.5075035801891	0.705493232907117	0.310353723175468	0.00108012917895268	0.0315037338809333
DDX17	5.86402091523176	0.518797141531377	0.231209324687049	0.00109119078246808	0.0315037338809333
EEF1B2	46.7270979181854	-0.2120619906789	0.0768954964284629	0.00118239867618083	0.0320680853085408
GNB2	4.84954356694165	-0.502151920960524	0.222268550919015	0.00117019608541398	0.0320680853085408
RPL36A	23.7568831563593	-0.416397788994191	0.189433886495143	0.00135939104978462	0.0347615711302067
LDHB	9.46014397688192	-0.366068226207215	0.154929008331869	0.00132890463594925	0.0347615711302067
PDCD4	7.45742224553561	0.392771328512103	0.178988537168319	0.00154242693236306	0.0373100568774307
N4BP2L2	7.90668637998591	0.403039005373801	0.183458751294579	0.00151413559059287	0.0373100568774307
UBC	30.9980922423183	-0.255750370892212	0.100711393191773	0.00160205084873058	0.0377325134108913
CD8B	3.84097589187544	1.02027377754667	0.504202341222753	0.0016768017634212	0.0384804507246661
HLA-C	116.399889843603	-0.273502929825116	0.114775353980825	0.00178412533866465	0.0399198044526216
TUFM	4.25318543606615	-0.478465561747262	0.22856952423187	0.00192703759518542	0.042065820675389
CD99	13.5149825711226	-0.297381267062601	0.128815558789215	0.00200088321566664	0.0426378685243249
GBP5	7.53540878259724	0.467861737141114	0.248254229137313	0.00210346532075581	0.0432976261523759
CD74	31.9225753388722	-0.394335021304712	0.196921159658523	0.00212859838067546	0.0432976261523759
DNAJB1	8.48667111909691	-0.55711043850051	0.332315298763302	0.0022462359463998	0.0446751371561739
RPLP0	101.281787472613	-0.185455613561123	0.071271614383994	0.00233043622681623	0.045342183108707
HLA-E	37.3004860959263	-0.227829303264845	0.0938940578429066	0.00243934774359904	0.0454836714691903
FXYD5	19.6621078990218	-0.265021888158382	0.113827750560345	0.00240354178282013	0.0454836714691903
MT-ND3	195.847391574171	0.349269761327428	0.165118518228468	0.00262190657844584	0.0478899262797761
GAPDH	33.1758644709699	-0.213763897544661	0.0882169006641658	0.00268549821474241	0.0480704180438892
PLEK	4.00903444604976	0.41286616589082	0.221187469000508	0.00285066618082355	0.0490643506122515
MT-ND4L	185.561202956939	0.270756328508427	0.120227549252658	0.00281580663910912	0.0490643506122515
NOSIP	8.45668621019822	-0.397347598157753	0.209736681565025	0.00291606074219922	0.0492429125333642
RPL23	15.6289108915961	0.284470332725623	0.132881749433873	0.00302993199470791	0.050218317319696
RPS26	88.7075429073674	0.730108786887017	0.419598878974988	0.00316217009961139	0.051457131620949
MT-CO3	277.744683135138	0.290258755216407	0.137505372509095	0.00347142829654609	0.0554808629537277
TENT5C	3.89069851195212	-0.487097181208259	0.291147732219495	0.00392569868308808	0.0616403565151549
EIF1	71.8462929335909	-0.240904932760163	0.111004260353977	0.00405546775800826	0.0625800628175413
MT-ND2	55.8076285996219	0.246411958913749	0.115646032271519	0.00430847429692764	0.0653573643347498
LSP1	11.9828596773077	-0.288039043905008	0.147591327441283	0.00459471040505169	0.0663268679438913
UBA52	55.8481698907193	0.169702258906008	0.0701392401590501	0.00445401757548785	0.0663268679438913
MT-ATP6	246.088868015152	0.2847909326784	0.142503745554898	0.00452545142611577	0.0663268679438913
ABRACL	5.39671826437128	0.349489090776303	0.205479853301885	0.00470865351622103	0.06689277614314
HNRNPA0	6.55362526061773	-0.345399970495743	0.192667446638873	0.00499764249637002	0.0698889067851745
RPS11	26.1491693400342	0.220547765869559	0.103232592388279	0.00509603271896047	0.0701684505149172
EEF1D	41.6651272054782	-0.171981790541389	0.0734121437743014	0.0052101884364315	0.0706533128879726
ATP5MPL	5.70927967651417	0.329031470457952	0.194377237646416	0.00541519068628464	0.0723372487197724
MATK	6.26705289026119	-0.345685536648346	0.213987967482331	0.00574610644393387	0.0745328299611712
COX6B1	10.3858307527286	0.261142415278147	0.138031390188455	0.00567562646972764	0.0745328299611712
RPL31	37.0121115498108	0.159030915946454	0.0681258647331431	0.00599836010416501	0.0745629485170512
TRBV20-1	11.9390008283381	1.0290539422345	0.860494650064964	0.00592420685015503	0.0745629485170512
MAP3K8	6.52981560027547	-0.47739028977193	0.360389409268586	0.00591503117106194	0.0745629485170512
MACF1	4.8408089216068	0.359514051350776	0.248857311188685	0.00634465134182045	0.0749710638830152
ANKRD44	3.59602103537973	0.371631287521254	0.257480165643838	0.00636625793866945	0.0749710638830152
CD164	3.92239774577978	0.375082380996637	0.262683426174227	0.00621719832203131	0.0749710638830152
ARHGEF1	6.88410417242684	-0.324356107555239	0.201128014136177	0.00636254564277468	0.0749710638830152
GIMAP4	6.03693550690825	0.376975676887953	0.334803436211869	0.00685394147577516	0.0776490838078325
LITAF	9.5559597891954	-0.314885305512421	0.190583355025478	0.0068514263210354	0.0776490838078325
RPS15A	205.070834357438	-0.123027396203666	0.0490075466802321	0.00678355610575667	0.0776490838078325
NDUFS5	6.72862525323747	0.269256114260947	0.155181502501724	0.00719630881342602	0.0795147702224233
S100A4	84.7456030186809	0.182451762209856	0.0837292808161264	0.00716783214887855	0.0795147702224233
CAPN2	4.1963959942361	-0.366620008009821	0.272781713110604	0.00766631055863576	0.0836749749997439
PRPF38B	3.81017192418264	0.323481691375921	0.231368747072787	0.00811490227039538	0.087504066650649
TRAF3IP3	7.8352404022233	0.26977898844221	0.170398532834049	0.00887246446873237	0.0917629814064609
STAT4	3.80678690297327	0.344521769032572	0.285904649937689	0.00894434311064833	0.0917629814064609
CLIC1	16.1684450276859	-0.206743609749264	0.107078541766122	0.00902250543437828	0.0917629814064609
RPS4X	172.539761934497	-0.126723177952944	0.0541666551275354	0.00887654458651455	0.0917629814064609
C9orf78	4.3773287458543	-0.337326433065664	0.245457943191493	0.00886226174202706	0.0917629814064609
ATM	5.49759743866162	0.315944130894536	0.251303673206883	0.0100389626901612	0.099831906752159
HERPUD1	3.70037201082662	-0.342321062718279	0.282310455541824	0.0100276471825585	0.099831906752159
SRSF7	11.2779022213897	-0.270930066637048	0.177513130724565	0.0105456996608675	0.103313806416468
AL138963.3	6.03914745414796	-0.174060116598835	0.390686564636675	0.0106199666930894	0.103313806416468
YBX1	16.9430905722044	-0.217171160784152	0.124438341653767	0.0111822180247693	0.103890780434926
JUN	21.1731167509177	-0.105895696384822	0.190949500382255	0.0114971228566343	0.103890780434926
MZT2A	3.53111043639357	-0.320733532073091	0.326451667544512	0.0117239875127682	0.103890780434926
EEF1A1	490.777343365853	-0.140962255508079	0.0694062232326326	0.0112012989843422	0.103890780434926
RPL27A	29.8194465378323	0.233567169614206	0.136803840141934	0.0109350311385586	0.103890780434926
KLF6	9.00955068392812	-0.306987653383535	0.282766163305147	0.0115651412382999	0.103890780434926
TC2N	7.17536066111128	0.266516747379706	0.191499495402487	0.0116417077200165	0.103890780434926
RBM38	3.61736448849175	-0.214938250901675	0.616406630137369	0.0113515359527229	0.103890780434926
SUN2	7.17591560528111	-0.273188662296912	0.191477805437978	0.0114046701109788	0.103890780434926
PTPN4	3.70336579505179	0.29967457872157	0.263366995873488	0.0118531401603593	0.104005494544329
EIF3G	9.23593734808226	-0.243324289310992	0.152185188326797	0.0119778648403119	0.104079505165817
MCL1	6.42258986519755	-0.31289190783641	0.319022222022732	0.0121399368394989	0.104473494916841
ARHGDIA	5.73028061804025	-0.276925267896331	0.201401685217597	0.0124970875747657	0.10652279408967
PIK3R1	8.5074504081045	-0.283712809343471	0.236240681770475	0.0127276208017544	0.107464345448775
AAK1	4.11055876967875	0.282499614392586	0.267414499382044	0.0135816462325258	0.113603489515052
RACK1	61.2903081153786	-0.1422815110899	0.0692389882479511	0.0139226703225655	0.115377684617557
ACTG1	36.5606906223022	-0.208436495339548	0.125524075946512	0.0141525516396383	0.116206731352994
SUB1	9.02767860930593	0.224266942245823	0.147066965744153	0.0145474358376642	0.117607735607465
RPL6	109.915505729052	-0.116710920452431	0.0535220990720685	0.0145859873211493	0.117607735607465
RPL13A	62.4705773321175	0.155845824975941	0.0785933537220282	0.0147294866420496	0.117704379862807
RPS10	3.56199412487912	-0.071277930143024	0.146845376132191	0.0148900994563867	0.117934858526249
MTRNR2L12	88.0533467304463	0.29126905450349	0.289177556595844	0.0152598133118025	0.1198029202988
RSL1D1	5.09502625595199	-0.253086339191108	0.206289751399396	0.0170296041174732	0.132534745088161
SSB	3.69304136068229	0.247124670289827	0.254987351565492	0.017366760103521	0.133993537005615
IL7R	49.8804883752024	0.210347404314393	0.139958734472703	0.0176918487693649	0.134188174987979
RPS19	179.768001382626	0.130705765355838	0.0645826666325571	0.0175649350437061	0.134188174987979
CD81	3.79705407994389	0.11458225030278	0.195935766838847	0.0179533401912763	0.135027222446994
SRRM2	6.5715743248317	0.245929213852269	0.211012550623052	0.0181505416056962	0.135372789475818
TRAV1-2	8.08255035495037	0.179204148400494	0.327104325261351	0.0184829923510215	0.136713042596399
RPL8	100.272347229526	-0.159895329211587	0.089263121586272	0.0192025783837497	0.139726078483382
IFITM2	20.1872587256235	-0.187011365983128	0.11712619753299	0.0191172936645713	0.139726078483382
MYH9	8.62596881251052	-0.206635626325403	0.14665145390968	0.0194818986722601	0.140615317029619
ICAM3	7.81361999807424	-0.2151079360372	0.154651988776588	0.0196438897521972	0.140650250625732
RPS25	115.75121096579	0.109142672153204	0.0519832257339338	0.0200539713875162	0.142446860252595
RHOG	3.85723600002546	-0.243917216627072	0.254719878742088	0.0209486225587347	0.147630056614706
AKAP9	3.59136616168288	0.230654003579342	0.2614852555101	0.0211761697814021	0.148067749643398
H3F3B	64.6087940044399	-0.177631378697762	0.111151602512373	0.0222690019146608	0.154501990028073
CCNI	15.4564709773423	-0.174413963141005	0.111240004354566	0.0225708268320561	0.155391461651463
ALDOA	4.96127706561866	-0.23142868783372	0.245402840169632	0.0229969422771026	0.156287171565799
ATP5F1A	4.76940365306669	-0.205162481273887	0.256125899166352	0.0230501750242296	0.156287171565799
RNPEPL1	3.66887548410765	-0.207201406675384	0.299616458819777	0.0234209628905668	0.156344303812105
HINT1	21.1268561611543	-0.176594833615954	0.110527524722807	0.0235134151966617	0.156344303812105
CLEC2D	4.26205019811599	0.188938623589625	0.273002930091243	0.023757346724521	0.156344303812105
SYNE2	10.6972186446847	0.205155998547029	0.159409834613706	0.0236330658528901	0.156344303812105
RPLP2	120.434704930361	0.106954723180408	0.0530117481356659	0.0239779951548221	0.156644566887342
RASSF1	3.87876723078112	-0.192195670105457	0.249360197322002	0.0286780390924861	0.183684121799393
H2AFZ	4.77906908282106	0.19939440727153	0.199881261324204	0.0287317365944439	0.183684121799393
HNRNPA1	29.9672011455152	-0.136097624630807	0.0771913762412189	0.0287327117898493	0.183684121799393
PAIP2	5.1581078881303	-0.202750514285612	0.213487593125865	0.0299903013347027	0.186597452933348
NACA	62.0646803199711	-0.113042075447525	0.059784941056877	0.0293999750936965	0.186597452933348
ATP6V0C	4.52373546085162	-0.201079278986501	0.21963752883481	0.0297347668730433	0.186597452933348
FTL	59.6864011846599	0.129924211485606	0.0731043966516814	0.0302308722629447	0.186597452933348
MT-CYB	224.396787458376	0.167178058300117	0.111567252893878	0.030125675722526	0.186597452933348
SLC4A10	5.72264069024106	0.170604407636554	0.237037594809038	0.0312088410276595	0.191314470683255
CD6	3.66736412087704	-0.168196997679547	0.244457836119178	0.0316472284372731	0.192682105111289
RPL15	80.8422571905797	-0.0963782712935563	0.0497570503176	0.0321460360565581	0.194396636963645
HNRNPF	5.00004752500004	0.178527272390813	0.2066328513575	0.0332408014572598	0.199667901370789
VIM	25.8087082812369	-0.180239439800198	0.165485060996316	0.0335941660141644	0.200445190551181
BTG1	45.2965971188105	-0.149778883935553	0.0963457229847996	0.0342532284748761	0.203024102549763
RPS18	175.440541300186	0.124588888759947	0.0719557085944133	0.0362676545238844	0.213549676308398
SNRPD3	4.43579878212668	0.168006071657684	0.213019154547856	0.0366196964346844	0.214213256921847
ANXA6	5.26700575476635	-0.181543731881772	0.188172251830522	0.0370229894802199	0.215166075225953
ANXA11	4.40544338416915	-0.174630905173914	0.203410171374285	0.0379472905172752	0.219115000083621
SEPT9	5.01593159020692	-0.176455419334343	0.196439327852069	0.0384702884000536	0.220710949474666
ELOB	10.1106530043731	0.172434632066502	0.154511457055129	0.038789398717941	0.221124279315651
MBNL1	11.1601511979864	0.166917445260798	0.133676522073518	0.0391921199074538	0.222005995678298
NHP2	3.54323409576073	-0.172577146634515	0.217963199343604	0.0400529871839677	0.224592048062881
BUB3	3.7556110418283	0.155869284626815	0.206894059212785	0.0401505337319117	0.224592048062881
ADD3	4.91226989200124	0.148621198981151	0.201054379191845	0.0406069405118065	0.225383583657629
MT2A	11.8954470094765	-0.108136476541579	0.176389039478277	0.0407956877681965	0.225383583657629
PRDM1	4.04058641003514	-0.155443328162543	0.213460140435832	0.0414541483561715	0.227229038478946
PRF1	13.1693381601508	0.169022311985389	0.17136527689891	0.0417866605658899	0.227229038478946
RPL23A	105.505566515295	0.102010754697399	0.0571383407501829	0.0418913869821521	0.227229038478946
SRSF11	6.67074432221888	0.160771053073791	0.185707120416575	0.0433130938646489	0.228479758591781
ARHGAP30	3.53283319996291	-0.158244804146185	0.212109203353078	0.0425326968512846	0.228479758591781
SERP1	10.1731161231864	-0.159132121145542	0.125060495989879	0.0427433195729598	0.228479758591781
RPL7	35.986483998558	0.126300453744406	0.0788104817672603	0.0433983899001149	0.228479758591781
HSPA8	21.8882017364269	-0.155320416114066	0.119539638447316	0.0429608955837439	0.228479758591781
B2M	461.695298897169	0.0811535389055146	0.0437486839590318	0.0441174385243478	0.229564578367973
MAP1LC3B	3.80184710696117	-0.164189235324228	0.209185755530747	0.0439284089160208	0.229564578367973
RPS27L	6.2028003370951	0.159625134325666	0.179217955599868	0.0446161021413317	0.230817407031745
EIF3F	11.798984646646	-0.156367098608259	0.124505776856338	0.0450273735796117	0.231606318125014
FAM107B	6.62500773174914	0.153842047052588	0.187176798642552	0.0458314666356977	0.234395215079711
COX7C	23.1741403401253	0.136174879606453	0.0932000512703295	0.0467504603844013	0.237736716159314
RPS24	133.364343341679	0.10113841637736	0.0587163980207626	0.0476242011757844	0.240811638713712
WAS	4.19006091287871	-0.126651983991451	0.186052003511054	0.0490636393105309	0.246696388668119
CIRBP	16.6690277059366	-0.144255300891395	0.10554323812933	0.0497470730760999	0.2487353653805
FKBP8	5.29253808021575	-0.147417164405769	0.179793983345254	0.0518608237065657	0.257863540096535
S100A11	8.16416723330155	0.142546549678884	0.174564850777257	0.0534365592752486	0.262778684348063
RAD21	3.5482863620464	0.14501147732364	0.179954224783073	0.0532575704147767	0.262778684348063
TCEA1	4.91467829672192	0.145919360530688	0.169479982177396	0.0543488216772621	0.26293078595216
CLEC2B	6.38916197008912	0.152421077086641	0.16369761719223	0.0539773397524058	0.26293078595216
KRT10	6.81000959517912	-0.154898365125558	0.148826411076382	0.0542398519135871	0.26293078595216
NEDD8	4.66792744372383	-0.146882010171544	0.172509818115738	0.0547014842400876	0.26294954191594
C19orf53	6.14219588454585	0.151636582940287	0.14327273512812	0.0549402953500344	0.26294954191594
CMC1	6.66168088304764	-0.0750090506925562	0.145111829705634	0.0567337331980594	0.266611081413316
SARAF	22.0374379929692	-0.129880650897514	0.0929445066676131	0.0565799568619094	0.266611081413316
HSP90B1	9.14432759812367	0.147358939219899	0.130673452973627	0.057122431222216	0.266611081413316
MRPL57	3.68390705763511	-0.144640173555212	0.184970467754746	0.0568077564367007	0.266611081413316
UQCR10	7.47954666204672	0.144350605935188	0.162681705374916	0.0571947794763762	0.266611081413316
STK4	6.35991001475028	0.147632081296688	0.148731202173749	0.0576377168421859	0.26728371281739
RSRP1	7.99286571110914	0.149458522720597	0.165406762359121	0.0581185722821765	0.268124341198701
WIPF1	7.8580842796981	-0.145240722419413	0.158168488099895	0.0589026072183785	0.269259339245394
LY6E	7.53287883741135	-0.145956162924249	0.153979773952135	0.0589662910526227	0.269259339245394
EMB	5.43145431674415	0.143680050912944	0.159218172120395	0.0600138027024838	0.271274512215773
IER2	10.8756118797703	-0.13340276222553	0.181893758375896	0.0598472485658452	0.271274512215773
RBL2	7.12460016910225	0.139773302202083	0.161895765319117	0.0605025404052384	0.272109415390394
COPS9	3.76678046692335	0.136367012407809	0.169494699330786	0.0609171854657754	0.272604404959345
UQCRQ	5.74978169287507	0.139855890612316	0.16084934023033	0.0626378872373549	0.278909995410112
KLRG1	13.8537207277048	0.137296676245459	0.131093336931207	0.0660623595347222	0.292024887622423
LCP1	14.804272653217	0.136342522328071	0.120191186326881	0.0662358124998345	0.292024887622423
CTSW	18.3597646745856	0.131407690496833	0.168460530956576	0.0665947533450891	0.292168158058111
SRSF3	5.9185981282191	-0.140557033069335	0.160138175507796	0.0673644357155213	0.292787991687527
VPS13C	3.60908025387921	0.116945029888133	0.168073912267058	0.0676217109037002	0.292787991687527
XBP1	6.83481478078332	0.139580447850002	0.13714340929177	0.0677174461221431	0.292787991687527
ERH	4.50392718511427	0.130294868012048	0.163124298919721	0.0698052098134845	0.300363763380138
TUBA1B	4.54567894065023	-0.105365672307182	0.16132156919198	0.0709623643093208	0.302434838365915
SLC25A3	6.08535617179737	-0.136710624800167	0.149542917907649	0.0707257653353091	0.302434838365915
SYNE1	4.15535809584155	0.120145278459011	0.164997252576633	0.0719066087571459	0.305006705391685
LINC01871	6.21951984614559	-0.0769132949973185	0.143698007871983	0.0746336255546311	0.305009565622807
SELENOK	5.55385548215749	-0.132182690648785	0.164238401847974	0.0730944853282392	0.305009565622807
TRA2B	3.51913577811598	-0.110577310271007	0.164712552496711	0.0745985303728197	0.305009565622807
ZC3HAV1	3.5732912764812	0.111655957756174	0.162232852930841	0.0745575553895549	0.305009565622807
PGK1	6.09086818288975	-0.131368787939256	0.154422698310639	0.0744237355984782	0.305009565622807
CD3D	16.2546499979995	0.12638455920669	0.102649264973901	0.0725723328330425	0.305009565622807
ERP29	7.51132809777847	-0.133693094081869	0.133499661426893	0.0737507211492123	0.305009565622807
EIF3K	15.4267619503929	-0.124226485409335	0.101433304291925	0.0743489485712884	0.305009565622807
DNAJB6	3.85946897224218	-0.112184100766127	0.162839031324548	0.0757449109096827	0.308144069382573
NEAT1	6.1817932683143	0.107079787867968	0.16024439805368	0.0762809307822074	0.308920511538804
PPP2R5C	8.01285829725426	0.127422152921227	0.155096640154008	0.0775295884948555	0.312562980643674
ARHGAP45	3.69500382332884	-0.113384066744212	0.161265999217043	0.0784288891664493	0.314770653829471
GLRX	4.86572931783713	0.108945168733412	0.156422059522698	0.0790087039895748	0.315682098529774
VPS28	4.83900791326487	0.121752829736585	0.152665039536158	0.0795290467053312	0.316348874672317
TUBB	3.7087077320478	-0.102499159208299	0.157703841872133	0.0811325468644554	0.319883830148404
MYL12A	36.0033345445406	0.105491095403563	0.0767970516263662	0.0811041993184691	0.319883830148404
TNFAIP8	4.69134346957009	0.12102624237268	0.150016816059144	0.0815394387109056	0.32007805985202
DAD1	6.65934911833234	0.120083274375047	0.151404202596701	0.0823274283969674	0.321023980497032
SRSF5	15.6829262027724	0.120877599811362	0.101989006081715	0.0824977826975614	0.321023980497032
CEBPD	7.05963854829979	0.105325277482929	0.156175194095026	0.0834797074549422	0.323438693386032
EPC1	5.63005129438328	0.126257032012813	0.145141262098845	0.0845634885177125	0.324825417267608
TRAC	7.26432770566825	0.122289477060871	0.147771563110178	0.0845291741372008	0.324825417267608
LAPTM5	16.8942403305369	-0.127078025274384	0.11864624239309	0.087543141922052	0.334833812052293
PYURF	4.42085659990128	-0.111857523876393	0.154567822759222	0.0882967833861592	0.33627923885367
HNRNPUL1	4.50250223936372	-0.114133568948941	0.148688465140126	0.0888047577820017	0.336780755147845
SEPT7	9.85364467040101	0.120284339340009	0.110919710529831	0.089606227483364	0.338386386487809
VAMP8	5.64667848510713	0.116180913078034	0.146455012457722	0.0907262212147639	0.340230891940768
TECR	3.53772224582978	-0.109656796032069	0.154109843227057	0.0908549532668642	0.340230891940768
CALM2	8.05961261467233	0.120894129627488	0.130781078319911	0.0919425643958694	0.34286914639293
HP1BP3	5.32159288629674	0.114564062174389	0.146537885236896	0.0923447643054467	0.342940099806534
TAX1BP1	4.52601648059774	0.112832278958959	0.147570486150676	0.0936303848839576	0.346277663103893
GRK6	3.54810540219368	-0.104853336998071	0.151911658289931	0.0959870111122615	0.353532407183021
SNRPF	4.49525749274673	0.0973583435660428	0.137922961806851	0.0971216361422075	0.356245345685556
PFDN5	35.1073602483669	0.089224412303706	0.0646177654889744	0.0986561833667063	0.36039707801307
RPL7A	114.602417340903	-0.0668059365227485	0.0444121685707721	0.102829944808147	0.371100002432629
LDHA	6.75496503716843	-0.113877205467421	0.139025979494767	0.102748305913022	0.371100002432629
EIF3L	7.86776623448463	-0.112809669636933	0.138158819121757	0.102490085152136	0.371100002432629
RNPS1	3.60669596698379	-0.100675169501674	0.147454143435816	0.104103145171883	0.374186003730263
CCNH	4.84428230993195	-0.0805742583426372	0.141608110869168	0.10554360509727	0.3767259942509
MT-CO1	378.595289099689	0.109925312600045	0.0969234257001523	0.105651647549694	0.3767259942509
LBH	5.25264089898818	0.102107699137813	0.142891798850116	0.106951196367475	0.376855593499566
BTF3	28.4175941125546	-0.100067570995735	0.0778540174863488	0.106680180081127	0.376855593499566
BIN2	6.90758871009411	-0.108794313796307	0.135741165354448	0.106764666467147	0.376855593499566
HSPA5	8.55522069577927	-0.107740460082943	0.141681067461635	0.107817314722456	0.37693944014296
TBC1D10C	5.75143865973751	-0.109073477629487	0.142083780128984	0.107434942845766	0.37693944014296
SLC25A5	5.87451076958213	-0.110336637270897	0.138233574610906	0.108595670270581	0.378183365339183
MT-ND5	96.073853658424	0.102295461106207	0.0862369797777751	0.109675091103581	0.380462040843818
ADGRE5	3.73392941753757	0.100408362920568	0.143298208072207	0.110366368998157	0.38138185426004
TRDV2	10.4556811413484	-0.0297033387228638	0.120531192546395	0.110966382075463	0.381980430605919
P4HB	5.76177456469116	-0.110741682579152	0.131003150497031	0.112707462404455	0.386487275294969
CELF2	6.582333387128	0.10933547088327	0.127407620722654	0.113907025808762	0.389109878239854
HMGB1	18.9684708048071	0.1028509998995	0.0907284364058176	0.114861178806553	0.390877395558422
SLC9A3R1	5.80832573670891	-0.0959977540890165	0.139830794966058	0.11865554749883	0.40226028413429
DDX5	30.0522743812787	-0.101417554563558	0.0900103119987118	0.120802060947301	0.407991866218243
ALOX5AP	9.00930051008431	0.106677839687408	0.123335090525729	0.122265394817067	0.409840930192042
PNN	3.59507568469122	0.0936181643510636	0.140821596695244	0.122070400857974	0.409840930192042
HNRNPH1	3.54500100037786	0.0849014140022656	0.139901569970181	0.123849891106638	0.411609988002683
HMGN3	5.08463268601345	0.0938572286955044	0.138868207586548	0.124172845542709	0.411609988002683
RPL10	325.655511399399	-0.0764102108152409	0.0568745939527039	0.123560744801227	0.411609988002683
ATP6V0E1	6.70967909558817	0.103107080312047	0.126005341541315	0.125303551739641	0.411968875847891
TRIM22	3.96004342580456	0.0921612846602189	0.137698968118694	0.125514155979591	0.411968875847891
RTRAF	3.90786882355699	0.0899890311089357	0.137794531122921	0.125662014644105	0.411968875847891
AUP1	3.93675866239587	-0.0948615731698135	0.140579642617951	0.127884929731675	0.416207316763087
AHNAK	11.2125865635752	-0.103706446928745	0.125043678032997	0.127862549852981	0.416207316763087
ITGB2	11.6212102120527	-0.104108428249504	0.106883413692618	0.128364856545709	0.416255603653656
KIF2A	3.85346182017644	0.0935467572684674	0.13777689271297	0.129073529827509	0.417042632475164
SSR2	11.5709084577551	-0.107884415069877	0.108462975150538	0.131188934585223	0.420839055389871
KIAA1551	6.91432827706524	0.0934757347326441	0.135029524873225	0.131177544269985	0.420839055389871
EML4	6.77544848132197	0.0985921007614894	0.132257875884161	0.131713142067232	0.42101165053633
GPR65	7.06543239154774	0.0981898568349357	0.131008713391392	0.132844919186391	0.423118158974448
BZW1	5.05424192037061	0.0967698105017361	0.130725830081337	0.134751687514815	0.427669362857302
NSA2	5.97346745564805	-0.0956810402103835	0.130546449605784	0.135521949190267	0.428594150266038
CANX	3.84664821261208	0.0898685162462616	0.133042554936824	0.139082032001073	0.432689398775362
CHCHD2	14.5440185476651	-0.0991330777568097	0.0974586387232516	0.139234130555647	0.432689398775362
HSP90AA1	19.7742058326045	0.0988114481452642	0.0993949532567782	0.137797215067594	0.432689398775362
RPS16	79.2883210947666	0.078832582064356	0.061460219744332	0.138415625058135	0.432689398775362
MT-ND1	93.8848944564413	0.100385900778918	0.105189652539108	0.138762253722556	0.432689398775362
MT-ATP8	46.4448373626795	0.0653032045364798	0.132269847303973	0.14061950650265	0.435482554740042
TMEM123	3.65973506208417	0.089683234035505	0.135821674677571	0.14380918416327	0.443824895952162
UQCRB	18.0062345805939	0.0938811839272742	0.0892965508622307	0.144784879445098	0.44530057423836
RAC2	17.8848211489065	-0.0950276084381731	0.0968305852725853	0.146747504421413	0.449791152250564
GNG5	4.76529892263354	0.0906882755018886	0.130097735912785	0.147510759306219	0.450587472966096
JUND	4.52513821203922	-0.066473457991135	0.131323227055832	0.149249799453748	0.45434887928947
TPR	4.25006341837836	0.0872826428982693	0.131080168181237	0.149806286845563	0.454497039751792
CAST	5.2843723948886	0.0899632056086726	0.1283272518286	0.152667619711505	0.461613242033098
ABHD17A	3.67051529955371	0.0806453242958838	0.130970322434232	0.154907227785528	0.465634853601043
CSTB	5.38246137175047	-0.0902932164705826	0.12606647872041	0.155038197064928	0.465634853601043
LRRFIP1	5.40552126386033	0.0840365672271054	0.129302384459992	0.156343795992504	0.466425658044305
GMFG	11.7188985359621	0.0943401389059998	0.101046730156619	0.15611277782813	0.466425658044305
HCST	30.9242590767218	0.0923829120731476	0.0939753487432987	0.15743627228252	0.468124464095865
SELENOF	4.09543070543348	-0.0849405787598176	0.130215207222012	0.158816575029989	0.469111665517625
SET	7.37753698196989	0.0920915494479907	0.11954611208445	0.158652408667654	0.469111665517625
LEPROTL1	6.80500087869877	-0.0908675552130281	0.121358553673414	0.1611668235999	0.469851163263551
SPCS2	5.20370875816039	0.0871797380031639	0.126984120614226	0.160118346531757	0.469851163263551
NDUFA12	3.82878074628333	0.0805793213412496	0.130084129658048	0.159830195578779	0.469851163263551
RPL38	34.2749090568141	0.0926930347603553	0.097304687099508	0.160706992744282	0.469851163263551
PTPRC	27.9504687733408	0.0911046182670768	0.0959155678483066	0.164049788047013	0.475410269334009
RPS27A	212.041657645232	0.056209132894128	0.0437689636577467	0.164916288962175	0.475410269334009
SF3B1	5.34016042770571	0.0886178511031034	0.123835900546984	0.16484451085454	0.475410269334009
IL10RA	3.99583726352105	0.0815552888766906	0.1281307251777	0.165198428785337	0.475410269334009
MPHOSPH8	4.31196323772778	0.0846116550749338	0.126170374346949	0.169211750743575	0.485399092677884
MYL12B	13.2427666905316	0.0888757551255171	0.0955942516202027	0.170954348069004	0.48734157666872
GZMM	10.9116335953087	0.0903530407682581	0.107972010752061	0.170977938630143	0.48734157666872
NFKBIA	15.0632567384519	-0.0648554646611104	0.129718810443894	0.172125132724783	0.489053948535495
RPL28	231.397545401305	0.0703638312352482	0.0610415847961346	0.174771001330676	0.495000146173908
COX5B	8.78931554581023	0.0890027656227383	0.106807879298441	0.176998072642733	0.499726419606455
TMC6	3.73557509955044	-0.0781854416711321	0.127351532079037	0.178462138940097	0.50227551682826
RPL22L1	6.2670817821349	0.084127248790047	0.121523802490712	0.181656694522848	0.504119018445113
CD27	4.44423041184452	0.0731995910733529	0.12686809714032	0.180683022236721	0.504119018445113
COMMD6	16.5366872274554	-0.086448308698139	0.0922222761105441	0.18071129477792	0.504119018445113
SERF2	34.2426768611123	0.078229892133066	0.0736615260015302	0.180811845902321	0.504119018445113
HMGN1	8.24724287956097	-0.0825073949195861	0.122360796824534	0.181933455818739	0.504119018445113
HNRNPA2B1	19.2794387782043	0.0863267565730957	0.0943544807318483	0.183259732283506	0.505284750024012
YPEL3	5.85775622115815	0.082746863339209	0.120409699656633	0.183483289114865	0.505284750024012
RPL24	62.2599303163057	0.0620399148458231	0.0533688234171486	0.187215056085706	0.509293237679959
ATP5MG	19.8056802332201	0.0814553059736609	0.0822349801991217	0.186133264019233	0.509293237679959
COX4I1	25.7205136540185	-0.0770525847452229	0.0733635040957165	0.187117740224968	0.509293237679959
PSMB3	4.76622445476218	0.0796817397433812	0.123546388195085	0.185608010371504	0.509293237679959
CD8A	9.08828260592959	0.0538416509813685	0.125541701416177	0.188417135916917	0.511010111047395
DDOST	4.12512348806023	-0.0773774924760693	0.12460448835793	0.191850740982802	0.51875049298975
SF3B2	4.7597249109302	-0.0680500152368463	0.126756080578062	0.192914679013964	0.520056137703306
CD48	12.7524660846478	0.0850723897473764	0.103574535203994	0.194786571732673	0.520189841711627
CTSC	6.32364419710556	0.078465334746157	0.121101379889579	0.195289147279449	0.520189841711627
CST7	26.5666874193235	0.0810137582302851	0.0858103186742014	0.194775647927063	0.520189841711627
RPS9	70.1321996075929	-0.0807112102471838	0.0837237561076339	0.194164379854981	0.520189841711627
SQSTM1	4.75105794071109	-0.0742344897449202	0.124190887703738	0.19634066547807	0.520929317723366
RARRES3	12.3180292494943	0.0803268209219197	0.116065098772616	0.196730848481003	0.520929317723366
SIGIRR	5.46735487383004	0.0785755101364817	0.119449198351285	0.197538129286849	0.521523969651122
RPL39	210.840791901403	0.0790760872441906	0.0809369127300117	0.198316181392662	0.522038183371861
PRDX1	3.5665446495476	0.0726521028377564	0.123564590793761	0.199474042270812	0.523546239977645
RAD23A	4.06549803899042	-0.0704296996951405	0.125130480264642	0.200381190355416	0.524389372421337
JTB	6.89311816209327	-0.077601380678409	0.116803242485042	0.206281594597972	0.534447516146822
RIPOR2	6.71462592755455	0.0807851724330372	0.111702678042201	0.205702509099892	0.534447516146822
RNASET2	3.9108722391218	-0.0583175331751406	0.123870345419778	0.206613229705922	0.534447516146822
RBM3	10.3668007019541	-0.0827069167908631	0.103049029558539	0.205010137332241	0.534447516146822
ANKRD12	5.71111825880942	0.0733403322291381	0.120936192986167	0.207253117657561	0.534557753036072
RPS12	313.038505827036	0.051385585255302	0.0444911371869585	0.208787625414068	0.536968174556295
YPEL5	3.90304402761415	-0.0551017308170154	0.124198456304614	0.211687043478113	0.540376418439178
VSIR	3.93121548339492	-0.0690352090744186	0.123517997458664	0.21160639760256	0.540376418439178
MORF4L1	6.56129190461322	0.0800424548499103	0.111095952299679	0.211924159633689	0.540376418439178
AKNA	4.46087003901746	-0.0694172756210269	0.122812277194787	0.212566753484461	0.540475126047139
ELF1	4.5441979182658	0.0701704408965354	0.122116990399375	0.213793115773711	0.540522142987208
NKG7	68.5612057519795	0.0794273883428433	0.0900895766897126	0.213412508801765	0.540522142987208
DAZAP2	12.0182246452905	-0.0785890391995951	0.0940720263384055	0.214434328304962	0.540616123473074
ATF7IP2	3.95661414089554	0.071511047804153	0.121038486280394	0.216769569291771	0.541923923229428
CKLF	3.97974022311093	-0.0626408128497961	0.123034810190563	0.216136562931066	0.541923923229428
COPE	3.70215078959423	-0.0690546102330443	0.122789449657449	0.216532474968574	0.541923923229428
RPL14	106.984859474125	-0.0561274601226362	0.0506187986496024	0.220881378917216	0.543347265522911
GZMK	34.2702926340261	0.0778509565713644	0.0919651517031785	0.221514797379453	0.543347265522911
SF1	8.68352614817891	-0.0793752528658007	0.109560960523589	0.218673788530401	0.543347265522911
RPS29	73.3381555515724	-0.0647444946249142	0.121196303347456	0.221588549626662	0.543347265522911
TERF2IP	6.09222965680748	-0.0759861539890107	0.114964161576429	0.220228049660179	0.543347265522911
ARRB2	3.61925739959147	-0.0665773028971066	0.122394949342868	0.219611291346432	0.543347265522911
SUMO2	10.3540408826538	0.0791831494084192	0.0987747203888185	0.219054705995445	0.543347265522911
ATP5MF	5.80287487662292	0.0730680395521883	0.116246158375018	0.222599911104231	0.544335848192039
FAM173A	3.73922857886723	0.0634706731529049	0.123144627974835	0.22421972801659	0.54680287895054
CFL1	35.4227029026759	0.0670886557646745	0.0684438026929774	0.227649684795255	0.55226372918221
RPL41	374.277747403159	0.0428115228306944	0.0364048029474976	0.227693090579034	0.55226372918221
PSME1	17.72306102907	-0.0758652542325865	0.0911487464017512	0.228328783113921	0.552308813207998
YWHAQ	5.87150199068498	-0.0728911894153349	0.115983475449858	0.230092109018541	0.553098079995785
TAGAP	4.20961267551392	0.065597390032268	0.120104333480826	0.230050253328589	0.553098079995785
C12orf75	4.84755165489928	-0.0647842929366591	0.121805438541558	0.230509032221707	0.553098079995785
CDC25B	3.72603588720732	-0.0649850927814422	0.120962119035025	0.232760380736807	0.557006793474446
ATP5MD	6.77288022066563	0.0720143198618726	0.115899362249162	0.234277712411725	0.557655725022589
CIB1	4.63638452393879	-0.0649483802826171	0.120626550643297	0.233713187158146	0.557655725022589
EPB41	3.58649504755264	0.0608888447227132	0.120948696689575	0.237270388374982	0.560463682960951
CD3G	7.31910864053792	-0.0756983799502925	0.106422376182309	0.236162189745811	0.560463682960951
RPS5	65.0059106425627	-0.0687849894343926	0.0726701947209077	0.237336017700783	0.560463682960951
RPL9	87.6184558508049	0.0565603004472386	0.0549005078567985	0.239652212470735	0.563221591438575
ATRX	5.66908773595116	0.0681659358739097	0.117098406756287	0.2397624875286	0.563221591438575
TXN	4.44690342562418	-0.0677989523197524	0.117945484431417	0.241608598763763	0.566072502339182
MALAT1	633.826049486344	0.0753108693418827	0.0980351258242882	0.24298371806826	0.567639496711265
KLRB1	59.8397713811246	0.0686189119576593	0.115999538366534	0.244814352771562	0.567639496711265
PSMA7	5.88124115938915	-0.071721819904665	0.11193485396311	0.244429938345878	0.567639496711265
MT-ND4	82.0408196768817	0.0694594915772257	0.116373981077729	0.24450183555128	0.567639496711265
SBDS	3.80208664337962	-0.0602949485284438	0.1212194249586	0.245772702257966	0.568389065945426
KLF3	4.90740834802867	-0.0635541357125512	0.119939486654548	0.247090137059357	0.569963073886918
PABPC1	37.1242631727579	-0.0705208912932206	0.0837538554598064	0.25118865903843	0.576394958756851
LAT	5.44673584474422	-0.0675592203569359	0.115147122174781	0.251810535054669	0.576394958756851
CALR	7.48004682405017	-0.0716124676679954	0.107320029588605	0.251806956415329	0.576394958756851
HLA-DPA1	3.82475460283478	-0.0550126771407885	0.120704992589019	0.253122237261175	0.577455399992785
TMBIM6	8.01091155119648	-0.0703531751253286	0.109949081228828	0.253564214745435	0.577455399992785
SAT1	4.98505304571526	-0.0606428847669003	0.118790318639918	0.257003980063888	0.581523521699492
FAM49B	4.27713689232185	0.0597433812640818	0.118300159651341	0.257299792841339	0.581523521699492
RPLP1	284.691724429058	0.0583674971050991	0.059758184059219	0.25720233097949	0.581523521699492
RPL11	170.837082532975	-0.0509052448753585	0.0501022493592183	0.259308426018637	0.583105356960797
RPS7	114.615211891597	-0.0513081774367262	0.0505026262978822	0.260605746127731	0.583105356960797
ACTR3	5.91273524708523	0.0666536940995966	0.112120645260247	0.260427673354724	0.583105356960797
CAMK4	3.68530223332098	0.049084311028992	0.119887792635677	0.259519906346167	0.583105356960797
ARL6IP5	6.31359669813262	0.0687450885902682	0.108511356759763	0.263074478503388	0.58436889298808
PGAM1	4.11631551329671	-0.0642854226161524	0.116093336617002	0.26312923337899	0.58436889298808
RPL3	120.857274468158	-0.0641421556814864	0.0721619309003108	0.263072749800748	0.58436889298808
TRGV9	8.47435220536103	-0.0330503483577248	0.119047496323066	0.26510735896236	0.587304668988397
SEC61B	9.2379507727573	0.0701361675969605	0.102788810366862	0.265909122400033	0.587626332217358
SATB1	4.5887562207156	0.0623732873649531	0.115857415654615	0.266964958645428	0.588506497506546
ARF1	9.16840649950855	-0.068481016210215	0.105475714843838	0.268395327530661	0.590205941375779
CNBP	10.7137597903928	-0.0695035624839987	0.0977986265701624	0.270752124475782	0.593929292661336
HNRNPU	6.87813820568899	0.0634542446360302	0.113756144326673	0.275446782099677	0.595470700432876
ACTR2	3.56773588804126	0.0575911572144015	0.117363187665376	0.273910815248863	0.595470700432876
CCND3	8.29701717410185	-0.0675945086909118	0.105168979826176	0.275057474749402	0.595470700432876
CSK	4.25602807147135	-0.0634425440858512	0.114368862560926	0.272773246864833	0.595470700432876
CORO1A	20.9415381152726	-0.0685662596989563	0.0901885082595516	0.273323977293009	0.595470700432876
RPS15	129.709575700105	0.043433370668269	0.04287413394935	0.274717844614196	0.595470700432876
ATP6V1G1	9.133816381581	-0.0679462393786703	0.102271672161704	0.277465903361643	0.595520344145493
CYTH1	4.57792029372741	-0.0551679416237169	0.118007523489311	0.276988709340122	0.595520344145493
RBM39	9.32976486650345	0.0670774116641029	0.106169375019854	0.277184815623485	0.595520344145493
CUTA	7.79760053465877	0.0674055632489937	0.103267886100486	0.278339023110448	0.595965133214954
FCMR	4.35061388533997	-0.052483161947434	0.117761931980522	0.281447417401098	0.599751044223768
IFITM3	3.91007338782344	0.0426040862098765	0.119934597445916	0.281298224659018	0.599751044223768
RBMS1	3.76771050192939	-0.0589978916882622	0.115743993804857	0.284486153641621	0.6047864786443
RNF149	4.08534789975721	0.0551927425264757	0.116718658101506	0.285847980871409	0.605834747120461
RPL4	42.4826427670077	-0.0611271501936442	0.0723953523377478	0.286953883313888	0.605834747120461
ZFAS1	8.65287934506131	0.0663894983975558	0.0996131059263394	0.287009980758743	0.605834747120461
TAGLN2	11.8728579949747	-0.063779833734599	0.10922407527489	0.287946059955701	0.606290421367897
SPCS3	4.21512231983484	0.0536539075990933	0.117046931507793	0.288580692181815	0.606290421367897
CD7	17.4299871475448	-0.0658932240406777	0.0961270666846852	0.289467551691249	0.606729411624515
MTDH	5.05738904622314	-0.0570571167036505	0.114976643049165	0.29057454907732	0.607626685570564
GSTK1	9.63151094950324	-0.0641954174144812	0.103587736272711	0.293819977299957	0.612981071523219
ARID4B	4.21113833522196	0.0550580128154424	0.115439277982208	0.29479535861871	0.61358568828778
SNRPG	3.8580783711998	0.0553098211160582	0.11544937961168	0.296491465356313	0.61568413339652
TPM3	12.8000040820178	0.0649920005455343	0.0959634819225185	0.298951358368938	0.616087660420078
RPS2	140.498378013029	-0.0536464347838269	0.0593510932159801	0.299439253947189	0.616087660420078
RALY	3.58805529120677	-0.0559895862313433	0.114875618739645	0.298292952307974	0.616087660420078
TSPO	5.16175554282754	-0.0570954896222486	0.113876867986682	0.299070822648831	0.616087660420078
BIN1	3.65775928474699	-0.0557014727967268	0.115637803728844	0.301205663086978	0.61830061574047
ARPC2	12.838251322858	-0.0636826978988808	0.0929245460034452	0.302857791310561	0.620269389526207
NCL	10.4967512174479	0.0634029678671771	0.0948454828615813	0.307779576877029	0.623629744443275
EZR	4.68795447746475	-0.047039694024057	0.117005618940533	0.309376096684708	0.623629744443275
ANP32B	6.16784251913387	-0.0608798085988639	0.106944088562713	0.308822620711865	0.623629744443275
PTGES3	7.62991310350763	-0.0589509568456609	0.108697979384887	0.307783772672599	0.623629744443275
IL32	76.7990575850646	0.063385995841764	0.0933411305367488	0.309218760484887	0.623629744443275
TMC8	3.75003448838941	-0.054262389054029	0.114698357529201	0.308631997790478	0.623629744443275
GPX4	5.7717684423252	-0.0594725306769886	0.110245178212023	0.306355290784796	0.623629744443275
SEC61G	8.49504655716366	0.0598834071200122	0.107699620933747	0.311306235108422	0.62611029308323
SH2D2A	6.0514464850137	-0.0483060961287447	0.115979988497658	0.317175851276798	0.633465131056827
MZT2B	7.49381684125669	0.0599711790855763	0.106864486353478	0.317057424585935	0.633465131056827
RAN	7.50430627094057	0.0601684123332644	0.103376636521218	0.317794238932419	0.633465131056827
ROCK1	3.69639493843721	0.0463100066670756	0.116321335951522	0.316795073771053	0.633465131056827
SEC62	4.99991137302668	0.0518466421566783	0.114354712150358	0.319320800937417	0.634084580022182
TCF7	3.87304669643495	-0.055654259883705	0.112315017318903	0.319521950379893	0.634084580022182
CYFIP2	3.63584833018401	0.0542835537410825	0.112467711702096	0.320802425948295	0.634715110196128
PSMB8	6.00427615242218	0.0569169787382672	0.108515907384036	0.32125803901547	0.634715110196128
SH3BGRL	5.21824772428687	-0.0545568004091893	0.112407530367084	0.322854070058452	0.63646342004915
HNRNPC	9.14794227050063	0.060566466337513	0.0999459400061453	0.324136719243327	0.637587612577533
ISCU	4.56290196009487	0.0558048792609349	0.109955729945308	0.325654223529405	0.637769212382533
RPL27	45.4053867867314	0.0544725739684291	0.0672699532390863	0.32547240777186	0.637769212382533
PTP4A2	9.11545551502075	-0.0577120902913847	0.105697301325387	0.328702015536312	0.63815250304772
PHB2	4.63767474851617	-0.0554709449941903	0.109880383636874	0.32821128336625	0.63815250304772
NAP1L1	5.8788162816897	0.0526513340689848	0.112618307011342	0.327733464733603	0.63815250304772
EIF5	5.07708355707657	-0.0519374501232547	0.113104650829739	0.32663664393094	0.63815250304772
EIF4B	8.82846130569817	0.0598342306604335	0.0962389463185522	0.33116443772875	0.641541497331668
RAP1B	7.62614374424351	-0.0580357968264439	0.104040332407319	0.332586070832748	0.642903959817084
CBX3	3.63592441355343	0.0483502056527788	0.114070438515784	0.335261978124554	0.645289183702098
GDI2	3.61123571781206	-0.0518234480811384	0.112509935144341	0.335113851920123	0.645289183702098
H1FX	9.08053802418508	0.0386531829412805	0.116840940054983	0.337706252816241	0.648313194321759
LTB	36.7901116267946	0.0521469981492117	0.111659376262572	0.338281856701968	0.648313194321759
CNN2	10.6881372140817	-0.0588566619404974	0.0967891033419762	0.341079269527396	0.652277662878247
RPL12	114.20307429751	0.051240786400354	0.0656552993936746	0.343953618560577	0.656372043948223
RPL22	59.9935790546492	0.0475343986034382	0.0589744998465761	0.350658993470963	0.663509089125819
IDS	3.66775818475016	-0.0472602725121103	0.113619945633555	0.350064278375209	0.663509089125819
SRP14	14.9518274103754	0.0569766223856065	0.0862515724440509	0.349544665506622	0.663509089125819
NDUFB10	4.45336725610716	0.0511566786717141	0.110266492527827	0.348777235484926	0.663509089125819
RPL19	178.15133166104	-0.0410633637742374	0.048727773621218	0.353066930327152	0.666655912748525
WDR83OS	5.78075941403302	-0.0528661408358575	0.107441381887439	0.355395865668264	0.669640631101255
NDUFB4	5.07829548814399	0.0531761731740171	0.106433183612747	0.356212124920547	0.669768596226659
HCLS1	8.15440721631209	-0.0549340966370195	0.101576340969397	0.357963786833436	0.671651130431709
UQCRH	7.57439995987526	0.0543117833030944	0.100008060721721	0.361104820313865	0.674715687225281
CCDC85B	5.78601735818775	-0.0522233207151177	0.107256543612301	0.360711135154178	0.674715687225281
OST4	14.4797926634956	0.0556505849370772	0.0914605307666909	0.367151464585138	0.681743902082363
MSN	6.5089247368843	-0.0544494387373941	0.101178675642666	0.366639456756202	0.681743902082363
CASP1	4.52326965582971	0.0462005881238617	0.111677900096883	0.366165215455054	0.681743902082363
SNHG8	7.60413395872689	0.0499882491737009	0.109072884712406	0.368506794444563	0.682578057503538
UBE2D2	6.81140635557216	-0.0527955167937753	0.102993648121278	0.369888668032643	0.682578057503538
EIF1AX	4.08976640238388	0.0486425974100435	0.109618399398595	0.369795185663367	0.682578057503538
SKAP1	4.89920155414911	0.049150223854769	0.107923946794297	0.371785687258882	0.684667057812139
SEPT1	7.58604779333647	-0.0532710503953922	0.100700731292075	0.374670029046312	0.688561963031723
MGAT4A	5.72156415603807	0.0485147734726268	0.108016416834473	0.3800155966321	0.691488738404489
UBXN4	4.89133230729521	0.0438032966062615	0.111852491037848	0.378089539370775	0.691488738404489
PPP1R2	3.71585708973935	0.0462812674154976	0.10949908648481	0.382443492190192	0.691488738404489
RPL30	232.89204283498	-0.0358685430827315	0.0443976253616191	0.381967444401572	0.691488738404489
EIF3H	8.21915196701042	-0.0518867251812451	0.10145414161512	0.381752239796027	0.691488738404489
GSTP1	5.46897036441848	0.0481288249764598	0.109250655173156	0.378541926059957	0.691488738404489
CD69	22.0964466013551	-0.0462010440927427	0.110897053921353	0.381936232411883	0.691488738404489
TTC39C	4.85152691401375	0.0453309569744616	0.110783273802077	0.381070916020947	0.691488738404489
UTRN	4.25339975753628	0.0448672972950325	0.111475285975464	0.383786923364436	0.692518742764456
CARD16	3.89593805527068	0.0440722178435757	0.111184186909728	0.389091540744983	0.700677925486439
RPS28	154.817669496479	-0.041901323584503	0.0558573247521292	0.390971675168245	0.702649898143733
PDIA6	3.80234766818199	-0.0419799491726107	0.111086248202669	0.396576474136809	0.70484499963497
PCBP1	16.3375660477532	-0.0504460034629864	0.0951745562092144	0.396873536593267	0.70484499963497
STK17B	5.79539132585339	-0.0461026141190946	0.108654146954969	0.398273934718633	0.70484499963497
SLC25A6	17.2074922254128	-0.0516957486376577	0.0941918582502434	0.394166278128246	0.70484499963497
ANAPC16	6.86897700231296	-0.0517266663576559	0.100082165451345	0.398123741579218	0.70484499963497
ARF6	6.52197027139905	-0.0504650445274902	0.0990244398630773	0.398700443023237	0.70484499963497
UBE2I	4.45631236471836	0.0430249167513215	0.109815868528073	0.399648292757439	0.70484499963497
ACAP1	6.11352753588095	0.0496981309407112	0.101507157264337	0.397257387208372	0.70484499963497
ROMO1	3.96092100731425	0.0385380315652076	0.112565457179075	0.400068446720184	0.70484499963497
YWHAB	13.4408251932297	-0.050269633944893	0.0977237831083703	0.398518857299399	0.70484499963497
RPS8	173.490699075338	0.0405915784868681	0.0526397395965698	0.401795583579821	0.706167343210353
ARPC5	4.5041180541189	0.0431606652511715	0.109922009492375	0.406151332088327	0.706167343210353
PRELID1	4.26526518423681	-0.0456910289948541	0.10862253577319	0.405390686072929	0.706167343210353
FAU	101.412011607513	0.0382500499062184	0.0507105684873043	0.403271133737199	0.706167343210353
SLC2A3	5.50541407819685	-0.0382052863202385	0.11327254553837	0.404434030333361	0.706167343210353
ARL6IP4	7.13131292947338	-0.049031389213807	0.101236472859929	0.404416185383794	0.706167343210353
C1QBP	3.82767546477054	-0.0445891080810314	0.108568222720261	0.406342102517689	0.706167343210353
FIS1	4.32532526984637	0.045537533733106	0.106533917904338	0.40839257351364	0.708355335842458
EMD	5.21889778577199	-0.0453859340704243	0.107145464888002	0.409634837637714	0.709135744073026
CD52	54.3911733093782	0.0489663910560697	0.0811095464444489	0.412642072116049	0.711588929756962
GNLY	25.5279693690579	-0.0229619079390992	0.115973279067899	0.411890560012045	0.711588929756962
JAK1	9.26901606995574	-0.0482888612734283	0.0947143611005366	0.421746801299541	0.713541374599412
TMA7	24.9552690132525	0.0485084411777576	0.0830736776883297	0.417835674794661	0.713541374599412
RHOA	12.2335504968577	-0.0479390069654878	0.0870025099498349	0.42137715268089	0.713541374599412
HLA-F	9.99082552305393	0.0478065396803436	0.0961456523443478	0.421277632372257	0.713541374599412
HLA-B	179.876792635417	-0.0484178388815878	0.0875663401855356	0.421516739871849	0.713541374599412
ACTB	167.107920161407	-0.0466764470408198	0.0738394320408371	0.417656078792089	0.713541374599412
UXT	6.81319362834781	0.0486406536533369	0.0984907801532962	0.417921629173587	0.713541374599412
SSR4	14.0845659850823	0.0487798197459815	0.0888443668548544	0.420379053074407	0.713541374599412
CASP4	3.96847507104131	0.0448605054175951	0.105527733659636	0.419394399894062	0.713541374599412
SAP18	6.47105265759365	-0.0480138078122205	0.100223176367641	0.419756057796135	0.713541374599412
BSG	3.96471514910923	-0.0422649814949234	0.108252978540374	0.423257819525238	0.714746695236015
PPIB	17.6642372748191	-0.0477427392496748	0.0810393655954857	0.424402176685266	0.715329469177614
PIM1	5.99019004494097	0.0381324614122579	0.110361876125133	0.428305687722319	0.716511384133599
PPIA	35.0980319199295	0.0465475242976228	0.0763301946490429	0.427278859540824	0.716511384133599
RPS3	188.60112935104	-0.0360161892969286	0.0500350385215654	0.427660477881153	0.716511384133599
CYBA	25.9048670084832	-0.0473666104746437	0.0795572603147921	0.427111879366218	0.716511384133599
CMPK1	4.18974244954933	0.0420492051414448	0.106855089107905	0.432409960285926	0.718874780065713
IRF1	10.4157421727689	-0.0365236050097797	0.111301773609244	0.431964248233655	0.718874780065713
SRI	3.69421446764257	-0.0368264852127955	0.111100244118125	0.43293129212896	0.718874780065713
CD3E	36.4626141468975	0.0408276685612321	0.0618726478440915	0.430759113501407	0.718874780065713
LCK	9.66180446011075	-0.0471916543880324	0.0924670765282195	0.434038905555462	0.719379297170627
SSU72	3.96601481720723	-0.0396175408559108	0.109112645876189	0.436466802705256	0.719625677528784
RPL18A	154.472242890432	-0.0316683171310521	0.0442290084880465	0.43659971273534	0.719625677528784
SSBP4	3.68052889186507	-0.0373157256139855	0.110388455603606	0.436121722295545	0.719625677528784
RPL17	13.3219709487214	-0.0460194278839645	0.0964677326506236	0.439280010072956	0.720065217976732
RPN2	3.71814469801246	-0.040157246228058	0.108326245704179	0.43897175591461	0.720065217976732
SOD1	6.68437691326163	0.0460075326141814	0.0971322133603681	0.437877592962705	0.720065217976732
RPL37	141.934018231222	-0.0372734039919548	0.0573205832126519	0.442666917676875	0.722968779782487
DYNLT1	3.61378911672136	-0.0377271323266239	0.10992468046099	0.442084587689126	0.722968779782487
REX1BD	6.18413744427034	0.0442882660602502	0.100055543332707	0.445088983846244	0.725600438146427
ISG20	6.85775420824968	0.044652307472307	0.0987034685731266	0.446069029226591	0.725875965741453
SF3B6	3.94586810687241	0.0393776305022079	0.107477987196853	0.449385702080093	0.727609337252128
HOPX	8.7390374025511	-0.0419294643456672	0.10362554048516	0.448506344754127	0.727609337252128
G3BP2	5.110314534258	-0.0401773070879217	0.106676905653337	0.450386114902435	0.727609337252128
SEM1	4.15295684880347	0.0392927410000917	0.107523096253764	0.450002127704123	0.727609337252128
COX6A1	9.47733487586879	-0.0443489977436927	0.0931268818012075	0.452823540416787	0.730228952564008
RBM25	4.08642327029282	-0.039939979192684	0.106525771046663	0.454674013608164	0.731894320466379
IL16	4.16288727839275	0.0375292220851041	0.10778998747584	0.457822425254919	0.735639264996683
SH3KBP1	3.85561662907089	-0.0371728425579292	0.108324628164894	0.459389116118179	0.736833797358011
TXNIP	38.3172444690014	0.0410144684925281	0.100301367215196	0.477108683023636	0.742630037054182
COX7A2L	3.72843817535984	0.0378951781777887	0.105857147615469	0.473825514803631	0.742630037054182
PPIG	4.11229481572328	0.035366118219061	0.108637249836686	0.47313170683421	0.742630037054182
RPS14	185.647246129192	0.0329949842096515	0.0508825398424723	0.472251858502006	0.742630037054182
HIST1H1E	4.72818302963595	-0.0322049369616569	0.112305515495792	0.46446381211605	0.742630037054182
PPP1R18	4.53006056491687	0.0381765245569862	0.105847790530567	0.468868242501645	0.742630037054182
H2AFV	5.86551757395274	0.0408757619576434	0.101121713747669	0.469844287952633	0.742630037054182
COX7B	5.28737255885519	0.0393487465398173	0.10447575479468	0.471315521901706	0.742630037054182
C8orf59	4.25898871282887	0.0396136622325591	0.104911899920168	0.465051128133099	0.742630037054182
SPOCK2	13.1282399585812	0.0411187405226655	0.102151553920553	0.470816083812695	0.742630037054182
POMP	3.93541777747693	0.0337326537410292	0.109955039722761	0.476023741583481	0.742630037054182
DHRS7	4.56542095592444	-0.0388870798569013	0.104632461167937	0.474863289676071	0.742630037054182
RPL13	266.802134781022	-0.0355020890757359	0.0557715050816522	0.466970151066272	0.742630037054182
RASAL3	3.78959700849891	0.0349602813364946	0.108869706242991	0.47633101312064	0.742630037054182
BST2	3.6301979039817	-0.0374238206395756	0.106653284599329	0.47563430112378	0.742630037054182
EWSR1	4.01733349950315	-0.038155923720496	0.106917067329073	0.465951487999302	0.742630037054182
PRMT2	6.4546368456688	0.0409166235743052	0.100011725922607	0.47417720704636	0.742630037054182
TMEM50A	5.54068952455412	0.0396208722915956	0.101347448387826	0.479157769446945	0.743234321759126
SPCS1	5.97777916341047	0.0411721690679274	0.097809647757584	0.479039240663224	0.743234321759126
SH3BGRL3	51.0687581389357	0.0368827549188657	0.0622473918547073	0.48220595100229	0.74586724918492
ANXA1	15.2932386863702	-0.041462531542631	0.0940835938668848	0.482521941092814	0.74586724918492
PRR13	7.93297609592261	-0.0409791657861839	0.0962036871759924	0.483380703009398	0.745906429643812
RPL36	96.4843590424545	-0.0337075495739715	0.0558515379953551	0.487642153881772	0.749896439388636
C19orf70	3.75531032754052	-0.0359813919911014	0.106609327058181	0.487374246804722	0.749896439388636
ARF5	5.43600005596634	-0.0390792929211666	0.100991100989543	0.488707324595933	0.750245378239039
GUK1	11.3553303977477	0.0409199912755561	0.0875637990164288	0.497125793706223	0.752138074828858
TRBC2	12.2393173879535	0.0318822531676133	0.109076154289961	0.499858263054044	0.752138074828858
SEPT6	6.21303672016799	0.0363833107612362	0.103192456944289	0.499610532295874	0.752138074828858
AQP3	5.43982628911367	-0.0312376930654337	0.109730759480246	0.495493543004507	0.752138074828858
EIF3M	5.52013014158041	-0.0363846863905615	0.104577870547613	0.496441648445952	0.752138074828858
ARGLU1	7.0155689861555	0.0369467721421558	0.102674788123673	0.500024753657173	0.752138074828858
PSME2	10.340075392927	0.0393417095424321	0.0962280200969993	0.49637529280808	0.752138074828858
IQGAP1	4.53615378909514	0.0350387389293447	0.107074359079198	0.497969453488332	0.752138074828858
VAMP2	4.50794562074076	-0.0323544038777623	0.109495358035265	0.494039275574861	0.752138074828858
DYNLRB1	3.58523088969774	0.0338759669360044	0.107258480865114	0.497878267414868	0.752138074828858
RPL18	115.487269236184	0.0301547036611154	0.0503354526487096	0.497621204907835	0.752138074828858
TTC3	3.65112466658524	-0.0326751446892198	0.108473310143753	0.499237855444031	0.752138074828858
TRAM1	4.21251230711908	0.0356646901279399	0.104559655924168	0.502978177596165	0.75531118951102
SON	10.6365785517874	0.0394793082299899	0.0920064680997914	0.507339685418785	0.760584620518949
SYTL1	4.64136485840155	-0.0352747390392187	0.102990695885661	0.51694323506904	0.760887227645216
UFC1	5.2343560577053	-0.0373728133930368	0.0992701847628541	0.512537955977467	0.760887227645216
ID2	12.5216766646993	0.0329767601736795	0.105827317114529	0.517743376129538	0.760887227645216
ITGA4	4.85873616872579	0.0336886739322518	0.105935121692232	0.512129612004722	0.760887227645216
RNF7	3.75827315721338	-0.0332826867535224	0.106766241368728	0.511460451518867	0.760887227645216
C4orf3	5.12723186236949	-0.0369166050332113	0.100106499636285	0.514358105365917	0.760887227645216
BTN3A2	3.6527574089832	-0.0287104936272898	0.10982787000205	0.515314287823914	0.760887227645216
GPSM3	10.5668181628743	-0.0389925064490779	0.0901239089589366	0.513064996474339	0.760887227645216
MYBL1	8.26613532944887	0.0357580148443849	0.102868452158018	0.515082300933618	0.760887227645216
TMEM258	7.61278019982844	0.0380961964092125	0.0969669784838704	0.50882938085986	0.760887227645216
ERN1	6.50256772985696	0.0358459382074427	0.1025522035582	0.512431945329208	0.760887227645216
OAZ1	19.3039647085089	-0.0381157540448892	0.0820873612113889	0.516340331573187	0.760887227645216
HLA-A	106.774693089679	-0.0379965017977419	0.0826807124977356	0.520756177737755	0.761403939536253
LAMTOR4	5.02288820398178	-0.0344923818740213	0.104097406445885	0.520811283849178	0.761403939536253
DDX21	3.77774000227518	-0.0308211879052287	0.108479173100695	0.521497893782931	0.761403939536253
ATP5F1E	28.7264693731785	0.0379497066930644	0.0812707451086967	0.52050517357854	0.761403939536253
PYHIN1	3.69154665264435	0.0273221787666138	0.11060968925515	0.524151683074998	0.76155155251968
EIF4A2	10.3228349667279	-0.0381815748530966	0.0931653379156175	0.522764268411374	0.76155155251968
IKZF3	3.74906644079512	0.0275501474676529	0.110168835384335	0.523451669748836	0.76155155251968
DDX46	3.86198411775066	-0.030862641975255	0.107508516699272	0.525764661248744	0.762657004566655
PPP1CA	6.8077003051514	-0.0361095489420614	0.0986832571146421	0.526810986219556	0.762938240560684
RPL32	212.150633488318	-0.027124186897818	0.0471610120338994	0.528181136792096	0.763686780983726
CRIP1	4.53243611010895	0.0305799072302917	0.10775073126491	0.53064297551831	0.76600881143369
THRAP3	3.74821104382339	-0.0284124088173596	0.108454048556911	0.540204562892609	0.767433466331564
SRP9	5.359975856669	0.034407996144175	0.10114745603277	0.53353413803015	0.767433466331564
ZAP70	7.50959092320784	-0.0346244084354241	0.098884302362797	0.53973494082465	0.767433466331564
RPL34	211.684906721449	0.0300254381605666	0.0551044099115346	0.535378576796524	0.767433466331564
SKP1	9.85611778829736	-0.0368105685745369	0.090525202067439	0.535950096924161	0.767433466331564
MDH2	3.61621631560593	-0.0312277908762669	0.106058727712056	0.537400864042996	0.767433466331564
DRAP1	6.04315301242473	0.0346457113351168	0.0990239144654922	0.535271122624498	0.767433466331564
KLRD1	6.41741977320889	0.0239037863973113	0.112270238296563	0.539159045119274	0.767433466331564
LIMD2	13.1648896005809	-0.0370255938386413	0.0857897894699653	0.534006031489485	0.767433466331564
CDC37	7.60392666542321	-0.0351023908175077	0.0975364522656259	0.5377078897803	0.767433466331564
KTN1	3.85489394109564	0.0300633508717731	0.106732348650649	0.542270335624417	0.767930301240274
BAX	5.25109978210204	0.0331599355221503	0.101548249123733	0.542143986458801	0.767930301240274
OSTF1	5.06252962861233	0.029305906355333	0.106980947181534	0.544878248303335	0.770404474299344
KRTCAP2	7.71789055108508	-0.0334683868195668	0.0994670329205024	0.548283727177162	0.772033652287806
BTG2	4.49039970581916	-0.0281994864374362	0.10865604748263	0.547507551341069	0.772033652287806
OSTC	4.19650059645039	0.0321715936522081	0.102816814613995	0.550343542077788	0.772033652287806
METTL26	3.53236841894995	0.0300734030485257	0.105955504929889	0.549451702862385	0.772033652287806
C19orf66	4.2861943080582	-0.0310432118906104	0.104683005649754	0.550148867426684	0.772033652287806
TRMT112	5.6985860722405	0.0325887832070909	0.100486977096431	0.554991320478074	0.774909878046608
APRT	10.3826644949906	-0.0346517390773536	0.0916955309801263	0.554541654984267	0.774909878046608
UBE2L3	3.97774803900847	0.0282163935476863	0.107278601442017	0.554910722686479	0.774909878046608
BCLAF1	4.78856667064656	-0.0282823271190882	0.106969525333147	0.560370809696512	0.777568797950974
GNAS	5.9180518088767	0.0300535646898674	0.103849307899572	0.559845424477421	0.777568797950974
SNRPD2	15.6945670888942	0.0348049101422852	0.0817052239326092	0.559239252802452	0.777568797950974
NOP53	13.348948549901	-0.0338737477981219	0.0957892537459307	0.559466542219323	0.777568797950974
AES	13.6277125035216	0.0328000896674085	0.095774470915644	0.561650587525364	0.778138197887307
HSP90AB1	16.216908206254	-0.0345149875979182	0.0840324560152581	0.562582649137116	0.778224839223677
AKAP13	3.86761586021262	-0.0283548476102957	0.106947300278613	0.566651458670815	0.782643604182685
NDUFV1	3.76960538994834	-0.029545902040416	0.104274041987562	0.568430132219023	0.782684566670809
CCL5	54.5913572769917	-0.0326023247670378	0.0957171782393663	0.567974075337794	0.782684566670809
FYN	8.24724425251835	0.0296391705208435	0.101430594277193	0.578127868286408	0.794814811238609
PBXIP1	5.3141910894305	-0.0274080838203316	0.105013717377201	0.583483493557826	0.797564714127796
ATP5MC3	6.71995529290143	-0.0316199198073006	0.0955546436577012	0.582084549183442	0.797564714127796
PSMB1	4.84488007273871	-0.030048545705007	0.100521527726735	0.582642348379785	0.797564714127796
SSBP1	4.62386101028187	0.0283594126615377	0.103832033588998	0.583692612015315	0.797564714127796
CSDE1	6.69732507799422	-0.0311070084666786	0.0964032044946996	0.586327137313427	0.798851549717945
EDF1	12.5688242883098	0.0320697815285671	0.0818180168895114	0.586967256386682	0.798851549717945
TPT1	194.073435148723	-0.0301297242991782	0.0678126643603979	0.587312089066377	0.798851549717945
SP100	4.41615694034145	0.0286232295789774	0.102276480263772	0.590741538447297	0.8022969300612
MRPS21	5.62869611690521	0.0291866452088668	0.100181446215623	0.592722710589424	0.803524877086552
RWDD1	4.35088665055652	0.0278015884459342	0.103894665928198	0.594339071096421	0.803524877086552
SAMD3	4.54370675872935	-0.0267991711204489	0.105196385110193	0.593835969262745	0.803524877086552
RBM8A	4.77120208047584	-0.027341300913528	0.103515029833538	0.599355989499937	0.8059774578289
ATP5F1C	4.6644140686801	-0.0265708453900254	0.104096029872761	0.599463224563078	0.8059774578289
ITGB7	3.68094084028455	-0.0246657614804967	0.10650697776512	0.599456131154777	0.8059774578289
SNU13	5.1133077022675	-0.0280921091915511	0.100513597637196	0.599755292641394	0.8059774578289
NDUFA4	8.63738953488078	0.0306724694981307	0.0884450666831113	0.603032414487967	0.809166433233479
STUB1	3.66183775792709	0.0265003397951367	0.103931941619437	0.604186283810491	0.809501083847888
HMGN2	7.82005941422023	0.0299008048933233	0.0922133952132129	0.608071300375959	0.812274349009676
TMEM230	3.63687437343765	-0.0248473824557212	0.106039807539687	0.607636522374535	0.812274349009676
H3F3A	23.1520426521993	0.0294457532451342	0.0750244624821011	0.610189294202231	0.813888849941872
GABARAPL2	5.59530858751985	-0.0283602111062331	0.097673426667118	0.614051801159152	0.817208472414415
ATP5PF	4.85749372767218	0.0276529273042953	0.0993431617827605	0.614504247971957	0.817208472414415
APBB1IP	4.92171554182895	-0.0245247105415791	0.104714100571812	0.616668697685382	0.817897211831637
PSMB6	3.91989224163139	0.0265453136105768	0.101776279808009	0.616849852498721	0.817897211831637
CCDC107	4.5392612653661	-0.0243976557893006	0.105102061711877	0.618505201668092	0.818196909480554
PDIA3	8.79936934047433	-0.0290154809556495	0.092180770780662	0.619492335853794	0.818196909480554
SNRPB	3.99714434441911	0.0252566241003513	0.104002941207413	0.619818440924934	0.818196909480554
CDC42	7.39291160723546	-0.0280858630496887	0.0945286620661602	0.625630323210094	0.820433501337041
SERBP1	5.76706807106696	-0.0258529466888557	0.10036130549182	0.623724894939755	0.820433501337041
RPL10A	70.8129447715626	0.0257262020981956	0.0619991883907993	0.62607400929922	0.820433501337041
IKZF1	4.92393116515017	0.0261266699836648	0.099755420468332	0.624245928653528	0.820433501337041
TCF25	4.59977441071424	0.0256774785439307	0.101824168065031	0.626096180349943	0.820433501337041
ARPC5L	3.68127091873206	-0.0241327291846018	0.104485481875995	0.628946468794702	0.822963581244529
ENO1	7.03394556371547	0.026954720321468	0.0954529056287664	0.631415108590791	0.824987623633223
PSMB10	6.09227646553429	0.0259035225495743	0.0997314638341004	0.632391076289338	0.825058328394981
COX6C	11.2305637893797	-0.0277649269564349	0.0886383110259781	0.633757923602185	0.825638051854375
ANXA2	4.01432237088466	-0.023995013383526	0.103382242994479	0.637603480593048	0.829440574317991
SPSB3	4.50045269843625	-0.0248779806779082	0.101029588829585	0.641616915974418	0.833450130329615
HNRNPDL	13.8501356409008	-0.0271359959701888	0.0834992754600858	0.642937475388961	0.833955131120464
SCAF11	4.25996022289614	0.0217000742318695	0.105303488948921	0.648486780154402	0.839935844049478
HNRNPA3	7.72502500501022	0.0250914627160596	0.096880174779139	0.649899683686986	0.840549446387071
HNRNPK	9.37987430049573	-0.0266575991301537	0.0882848004889801	0.651137167390408	0.840934725561927
KMT2E	7.75746429608588	-0.0259145991635968	0.0933271985913682	0.654533704964618	0.841839470838184
ATP5MC2	19.8542823902413	0.0258923402284634	0.0723349300708861	0.653365522905471	0.841839470838184
ATP5F1D	8.43163635048638	0.0268219950048962	0.0895167368999285	0.654659521456286	0.841839470838184
CAPZB	7.54226978216178	-0.0249333940709776	0.0943596111255201	0.660673083859518	0.84646416847253
CD2	9.86903249157583	0.0233411316919748	0.0999036552733026	0.660825763516213	0.84646416847253
ARHGAP15	5.37976388510922	0.0236689827660897	0.0988702069388506	0.66264578294175	0.84646416847253
BHLHE40	5.25633961035397	-0.0169651414077701	0.110451902277014	0.663930554489068	0.84646416847253
COX7A2	9.01831223501651	0.0252139587178828	0.0929016597654349	0.661833243544457	0.84646416847253
HNRNPH3	3.61262333606594	0.0214674316831926	0.104232819486356	0.663669431198556	0.84646416847253
EIF5A	6.97000437194157	-0.0242754846725031	0.0947888022645421	0.666070850276219	0.847635562702539
PRDX2	4.29655752993533	0.0221305498137298	0.102891264346337	0.66674350406993	0.847635562702539
RPS3A	160.0486020468	0.0213607459868431	0.0587072088509354	0.675587212067556	0.855234165205746
TBCA	6.32265674641893	0.0231878904026261	0.0969176697146058	0.674660701430302	0.855234165205746
COX8A	6.98172469684612	0.024071279863321	0.0933850648794564	0.674142390238125	0.855234165205746
C9orf16	7.20793668492544	-0.0220914526147292	0.0992395286435974	0.680944107950553	0.857198012743187
C12orf57	11.0452261183378	0.024212785898208	0.087065767777582	0.680969594480901	0.857198012743187
NME3	3.87769004456422	-0.0205108391593684	0.103997422089364	0.678889218811746	0.857198012743187
RNF213	7.31815542974301	0.0219794041055604	0.100209065196744	0.679665343661871	0.857198012743187
CALM1	35.0358207011086	-0.0227370076345302	0.0704391206541168	0.68410469858798	0.859934979264385
GZMA	30.3787815344505	0.0237324052957518	0.0843455945107095	0.68584103033254	0.860908446209851
ARL4C	15.3814875962355	0.0219845623468464	0.0974406115042959	0.687108981959173	0.861292071223333
FBL	4.06814741247917	0.0199287992936	0.10382201432694	0.688746547332483	0.862137286521081
ATP5IF1	7.46546479695757	0.0225593203066935	0.0932384376298184	0.691505023579416	0.864345062747243
PSMB9	10.0345587729717	0.0228032259705098	0.089922852677395	0.692441798871255	0.864345062747243
TAF7	3.58823228751215	-0.0193504704814925	0.103112243605864	0.697003182106905	0.867952745454157
BRD2	3.54006319242456	0.019341074855798	0.103009252381499	0.699211094382623	0.867952745454157
ARHGDIB	31.3126513071702	-0.0213963375789079	0.0687003686934598	0.697934247625631	0.867952745454157
POLR1D	4.27470154211432	-0.0195379423374714	0.102671921204119	0.698922944883723	0.867952745454157
SORL1	3.53328495581662	0.0190806801926045	0.103469438815864	0.702146714336097	0.870389625111922
FNBP1	4.93914176501016	-0.0195701070460851	0.101580575357861	0.703882442932548	0.87133442105758
PNISR	9.31365556232588	0.0216750824733924	0.0895273964995294	0.70853578112384	0.873470418878563
FKBP11	5.92455889586463	0.0198851445537022	0.0989857686432094	0.707957552698116	0.873470418878563
UBB	15.1191275895009	0.0219439227910689	0.0859106067203864	0.707446249118104	0.873470418878563
MYL6	29.1367079294403	-0.0213738582638716	0.0757956946449958	0.709912262781925	0.87396351470402
RPS23	173.943745218624	0.0149033723195007	0.0433075205954241	0.711828974701778	0.875119412579796
NDUFA1	7.86345898595245	-0.0203629456590631	0.0954892271089671	0.713346020951606	0.875352175531728
EVL	12.2284884671707	-0.0213704710512959	0.0888150862020579	0.713974400154371	0.875352175531728
PKM	5.94420039620461	-0.0197507438282015	0.097106533899467	0.717963219514891	0.87903841513793
WASF2	3.55987371275457	-0.0162154153494139	0.105927039635915	0.719450747531356	0.879553942687853
S100A6	40.9962087719162	0.0208623755211406	0.0789914538889908	0.720349765352174	0.879553942687853
RPSA	79.8121582863069	-0.0191051824054165	0.0644181503528558	0.722706171911883	0.880029964436919
CBLB	4.52426005612333	0.0175039175999547	0.103686678910032	0.722144579390004	0.880029964436919
CFLAR	4.56416949492334	0.0176299681615623	0.102508306891421	0.724696015083245	0.881253985733022
TAPBP	5.97456431694482	-0.0177958701506746	0.101545349394589	0.72786423529259	0.883742014035433
ATP6V1F	3.76723950547917	-0.0169903287565879	0.103710214144323	0.728716878612458	0.883742014035433
DBI	4.91118970088104	0.0182872784839278	0.0992666459295613	0.732419454402303	0.884765946045276
TYROBP	7.83311504378851	0.00898093086694034	0.113617345986015	0.731703655718897	0.884765946045276
CHCHD10	4.83572942752861	-0.0160365402450321	0.105075586882623	0.732526889407318	0.884765946045276
GNG2	4.76575502759136	-0.0163926070015088	0.10346295008964	0.739455407770662	0.89193071422472
RPL35A	122.657980266497	0.015437255440287	0.0525201207350016	0.742414198314961	0.893953837637092
EIF2S3	4.92398165789812	0.0171027163831493	0.10032787698279	0.744129172111322	0.893953837637092
RBBP6	4.36202254875772	-0.016824204303821	0.101550334268533	0.744088305086752	0.893953837637092
TMEM59	5.57824822257518	0.017878950674578	0.0967601652125899	0.74786148529062	0.895739760231073
OTUB1	3.97362669122039	-0.016245284495513	0.101805092884983	0.748618257712674	0.895739760231073
PFN1	65.5041571403126	-0.0166642388509007	0.0604734074516973	0.747093884417017	0.895739760231073
XRCC5	4.45849748301722	0.0158247141528047	0.101231304629686	0.755091261717937	0.89890211003354
MAT2B	3.93125153495196	-0.0143656614470479	0.105060239105072	0.75527864440807	0.89890211003354
PSMC5	3.71543406373686	0.0156965018399115	0.102394737314024	0.752927617883324	0.89890211003354
ATP5PD	4.44132708743076	0.0164610363599315	0.0998671893714862	0.754878371847546	0.89890211003354
CD37	14.3777497726702	0.0179783945409906	0.0795689658812206	0.756718658826852	0.899419919853961
RPS27	280.860657622475	0.0162870873896318	0.0648559819921998	0.758137227872472	0.899781421164279
LSM14A	3.79167284299634	-0.0154641721277388	0.102209811383065	0.759033489362045	0.899781421164279
DUT	4.02656064510384	-0.0147775879739124	0.104008269612423	0.761106118531335	0.901044941912096
PNRC1	24.3433928332574	0.017451476986579	0.0789818573108439	0.765239885521192	0.903837064468015
DDX6	4.24374956690081	-0.0153308952727372	0.101806189302369	0.765484351806431	0.903837064468015
GTF3A	8.60837314214741	0.0169261788558648	0.0911879615162012	0.766659799036265	0.904032305846451
UQCRFS1	3.76234806061098	-0.0145908927054785	0.101255062850733	0.768621893650387	0.905153414233021
PARK7	6.21279395999102	0.0159775620653903	0.0951332161568675	0.772482024351051	0.908503826273575
CD96	5.35988953824849	0.0152778319367524	0.0970019379326146	0.778371825783076	0.908865039484653
ATP5ME	5.35013689670726	0.0139188263460236	0.103110624633394	0.776974778057203	0.908865039484653
C11orf58	4.58672211046874	0.0151320983826438	0.0976776198197989	0.779610104613444	0.908865039484653
TMED2	4.44931286607897	0.0146573902928071	0.0999941019010204	0.779194356030849	0.908865039484653
RORA	7.91890111165236	0.0144512544630789	0.0992909399461941	0.779897598127613	0.908865039484653
FMNL1	5.15720197026366	-0.0144600396179237	0.101147130683866	0.77677585075433	0.908865039484653
CALM3	4.37164245639284	-0.0152848185625186	0.099314095918188	0.777695861187229	0.908865039484653
CTSA	3.71702934485568	-0.0123466953704888	0.107401508543733	0.78154055715794	0.909595316848318
DDX18	3.81321940875852	-0.0124222157073316	0.10551316323073	0.78526298605188	0.910908248371222
PTMA	72.2735607629786	0.0144601051371649	0.0660463789546041	0.789793073448121	0.910908248371222
TLN1	4.50834764016874	0.0136054177904193	0.10225623062531	0.788749865866398	0.910908248371222
SRSF9	4.3665642013992	0.0132271894748805	0.102021778314874	0.78958078093945	0.910908248371222
RNF167	4.5475193707999	-0.0134122388231987	0.101617304560342	0.789008262658906	0.910908248371222
SRSF2	6.0646921611337	0.0137439213645085	0.0997027337994572	0.78970299229825	0.910908248371222
LSM7	5.93625531536915	-0.0138654703602661	0.10068608248496	0.789114026010881	0.910908248371222
AC007952.4	3.85464709178275	-0.00749039093223005	0.112874984016608	0.79393943892344	0.914511966327515
ITM2B	21.663267760761	0.0149178103422321	0.0756460431327793	0.796183127594966	0.915917608223
CYCS	5.54496399758911	0.0122277737157392	0.104308798785603	0.79798732270355	0.916814703234503
RPL37A	71.1476517782673	0.0137918151024634	0.0691255715328638	0.804405316962354	0.921071529636553
UBE2D3	8.06018576383304	-0.014229552795246	0.0918947569280079	0.804779816956184	0.921071529636553
SELENOH	5.064136083491	-0.0146875785232024	0.0991780114457458	0.804541519504693	0.921071529636553
PSAP	3.90223618381279	0.0119995267704471	0.0999488331959929	0.816827654457104	0.932475447371311
SMCHD1	5.54445683146133	0.0115244045906356	0.103010541510238	0.815813323822078	0.932475447371311
IFITM1	38.6966955833633	0.0127530985476359	0.0680766964473778	0.8179336863665	0.932548597831869
SLC38A1	4.47073535791017	0.0116973336398737	0.101175173019245	0.819816551662421	0.933506124348431
NCR3	9.58933881558444	-0.0111957256179143	0.100965559946381	0.823554077656868	0.936380838485363
SELPLG	4.40516457816904	-0.0107694525730621	0.102849001247611	0.825479867670337	0.936380838485363
TRAPPC1	5.16223685895277	0.0105079464202287	0.0980609634514889	0.825343042592328	0.936380838485363
RPL29	116.318488939146	-0.0096617979576204	0.0499065441330685	0.829847658395293	0.938559260558184
CCNL1	6.70623959217399	-0.0110279831196829	0.100624660633483	0.829150853060635	0.938559260558184
PLAC8	3.95668728229021	-0.0101222525925164	0.103488896309334	0.8322885143206	0.938559260558184
REEP5	3.79874875567035	0.0101905056422201	0.102941143949326	0.832643634506367	0.938559260558184
EID1	6.33929973519918	-0.0110039813795248	0.0992200247457148	0.831946949703342	0.938559260558184
EFHD2	5.5705287874098	-0.0095173944398486	0.105754283212166	0.833845030254337	0.938731197581927
PA2G4	3.91594056727611	0.00992984615372518	0.104029552758042	0.835869952721444	0.939132953260608
ARPC3	13.5607018154025	-0.0120431166414185	0.0810379798499582	0.836300518154977	0.939132953260608
PRDX5	3.60233254927931	-0.00895152154053041	0.105062180509984	0.844740549349626	0.947422044696636
NUCKS1	4.16466443265302	0.00947001728366828	0.101931485331423	0.846376815086765	0.947788879181079
TOMM7	24.363352879055	0.0104839454395814	0.0661868724109005	0.847185590329457	0.947788879181079
DDX3X	5.080029439694	-0.00946901090821975	0.101596059302101	0.84880307943824	0.948412928960331
CYTIP	6.09003727320691	-0.00974615636642579	0.0971651565108439	0.855874443755566	0.95512172962747
HSPE1	4.35679611731412	-0.00879759563070693	0.0992574395612927	0.865966698465468	0.955659920008131
PARP8	8.45146366004465	-0.00929795471495913	0.0969778428095412	0.862730985790697	0.955659920008131
NPM1	21.223318027279	-0.00999882718045382	0.0748636396583439	0.861257634997023	0.955659920008131
P2RY8	5.6510852247348	-0.00859628714963519	0.101561412239006	0.862055246126637	0.955659920008131
POLR2L	7.02764156891158	0.00987304052682711	0.0925474611444046	0.859775181256025	0.955659920008131
RGS10	3.55657183172851	-0.00791068770297344	0.105312469745138	0.858855872775296	0.955659920008131
DDX24	4.82210135636931	-0.00864686048193105	0.100134343969245	0.865959953019912	0.955659920008131
GABARAP	8.89873741662083	0.0088866486246816	0.0978581047556762	0.865898431075031	0.955659920008131
HNRNPM	4.30565881564839	0.0083521709620309	0.101372383220807	0.865122403912656	0.955659920008131
CD53	7.41995029368953	-0.00961204040780841	0.0952804375122967	0.868311172320276	0.956925363954805
TSTD1	4.01194567346903	-0.00748245569834625	0.104985864076247	0.869251755190231	0.956925363954805
S100A10	16.0791616227139	-0.00881410588480208	0.0880599936854101	0.87769400768245	0.957974953739545
SF3B5	4.2125145298185	-0.00793760096983655	0.100285570480421	0.877001443698425	0.957974953739545
NDUFB11	6.65473450083781	0.00841959121635102	0.0930151878365475	0.878440307206006	0.957974953739545
ETS1	9.70233873216887	0.00876494959242575	0.0910700239295009	0.877338699250227	0.957974953739545
RPL36AL	35.8794155810676	0.00838493466581865	0.0654964436247608	0.877180158882542	0.957974953739545
CHD2	3.52705699425798	0.00725193938330429	0.102635252562035	0.880908812209659	0.957974953739545
NCOR1	3.6081102589921	0.00744092309375706	0.102292194884251	0.879312795835751	0.957974953739545
UQCR11	9.74968913477923	-0.00882440595134173	0.0928575649717446	0.874221604879389	0.957974953739545
KLF2	16.7435626703554	-0.00807059395660634	0.0967251172769295	0.880328471879652	0.957974953739545
EMP3	16.5726902206945	0.00912606912731641	0.0828636749772743	0.876475929674213	0.957974953739545
SRRM1	7.48963952792165	0.00827720189421648	0.091303239030482	0.884369768070215	0.958049706311416
TOMM20	6.32234115381667	0.0080768573392273	0.0957324317224623	0.883464917194164	0.958049706311416
BRK1	5.8733125192811	0.00760496132005996	0.095621303930699	0.887400230762194	0.958049706311416
STK17A	5.0914838663364	0.00662246941292349	0.104320981944002	0.885729642074759	0.958049706311416
PAXX	10.89921361191	-0.00845903187839489	0.0849418013332268	0.886028543391509	0.958049706311416
TMED10	5.05831463137593	-0.00754528286287094	0.096900806449436	0.886786207488011	0.958049706311416
NDUFB2	6.06350230261132	-0.00840002305973209	0.0934696821658236	0.891764174185083	0.959413827519448
FLNA	9.88316877272727	0.00805186613171842	0.0857265833544308	0.88999893768339	0.959413827519448
RPS21	106.898370804345	-0.00749314128960765	0.0797916945559219	0.891879669828135	0.959413827519448
CCL4	6.76132388871009	0.00430267828184724	0.111041939548197	0.896500931575593	0.963227291428758
CD47	4.19315475939466	-0.00590512072938182	0.102563804080437	0.902548520846952	0.964034083188642
EIF3E	10.3998332701598	-0.0071733750788655	0.0910138088784027	0.899119354054841	0.964034083188642
PRKCH	4.42585724616762	0.0061347855760641	0.102940187190483	0.903330315542944	0.964034083188642
PET100	4.35991192983926	-0.00585095412763973	0.103043493933477	0.903714632173487	0.964034083188642
UBL5	11.2352941325997	0.00714956924246306	0.0911242064939673	0.901215251516328	0.964034083188642
SELENOW	4.9546686983029	0.00622114692056684	0.101351221028026	0.89989601275161	0.964034083188642
ATP5PB	4.27991954653979	-0.00561418867922351	0.102012846728887	0.909051242683705	0.967250370057366
DPP7	5.75574574164401	-0.00217498946117045	0.0991466018414342	0.909971856523243	0.967250370057366
MT-ND6	21.2892492041003	-0.00651992928606129	0.087601878423158	0.909573651438659	0.967250370057366
CD247	6.98550177319188	-0.00564431531062601	0.0938114913081039	0.919187169905149	0.974017253009223
SHISA5	4.49643563863471	-0.00496963392406241	0.101434872522542	0.91960288133273	0.974017253009223
TRIR	9.87274116786555	-0.00561079971949472	0.0855276801727062	0.919092019461623	0.974017253009223
YWHAZ	15.8360064022375	-0.00552322722005283	0.0844685073876462	0.922867787856453	0.974303126097548
RSL24D1	4.91882924323015	0.00510349453296128	0.0981746411071691	0.923138604391866	0.974303126097548
MYO1F	4.95717681249318	0.00508666102388813	0.100252767331269	0.921268956617364	0.974303126097548
GYPC	7.08351712439961	-0.00485049240263646	0.0937951988023277	0.930343588498253	0.976179511906054
NDUFB9	5.51257845566493	-0.00498474604317748	0.0954539332553373	0.927237011671844	0.976179511906054
SAMHD1	5.56659176526008	0.00423238252844484	0.102204457150404	0.93025805486188	0.976179511906054
MIF	17.2339926997195	-0.00501977384531793	0.0911971474049124	0.930369970565211	0.976179511906054
SMDT1	5.05004203441703	-0.0041430784698239	0.104723124838703	0.929419466881509	0.976179511906054
CDC42SE2	5.18149321420828	0.00443529355684967	0.100140378550143	0.934597421223751	0.978933692071175
RPS13	129.363824175688	-0.00347247954837787	0.0465623367429349	0.935182465609893	0.978933692071175
VAPA	3.63538174860627	0.00386262939363889	0.0996604113470038	0.938176758437155	0.980920792992119
TRDC	3.85450224276532	0.001607075454094	0.114400635322254	0.940189546111562	0.981878230769951
TMSB10	103.399071695372	-0.00408148150161285	0.0711568967565546	0.942724554224642	0.983378177192371
ST13	5.33103756299814	0.00323246801687788	0.0998041997141068	0.947517748616081	0.98722745635785
FUS	7.12577810895293	0.00368102902387066	0.0949522991331409	0.949278647603052	0.987912080935734
UCP2	8.04766545293766	-0.00294964041319555	0.0993006905763392	0.952410906508879	0.990020628717127
PPDPF	21.1674197716724	0.00284081801982733	0.0840892256484944	0.95627466067488	0.992883783415334
KHDRBS1	4.2063660691729	0.00263381219726445	0.099691623336544	0.958826224663906	0.993278114206856
FAM96B	4.04497116324505	-0.00251229107154425	0.101705957203186	0.958874067792987	0.993278114206856
PRRC2C	7.91800597237412	-0.00218439147187906	0.0948076210648177	0.968275370067348	0.993917338840451
PAK2	4.28748601556474	-0.0024034993582989	0.0990906417175449	0.963071169353855	0.993917338840451
FYB1	6.95794549609229	0.0018704573589844	0.101598212422874	0.969056464338456	0.993917338840451
HIGD2A	7.07540638312258	-0.00271530225064288	0.0924170987427727	0.961922656737172	0.993917338840451
SNX3	4.42634962026396	-0.00218174054574624	0.10047631512862	0.966505851526253	0.993917338840451
RPS6	124.558060066872	-0.00237527213641477	0.0594215951131491	0.962185924116592	0.993917338840451
ATP5F1B	6.17326484905276	0.0022724620959116	0.0953715466817392	0.965368359141746	0.993917338840451
PAPOLA	4.09208854978562	-0.00222778070604579	0.100813117098575	0.964375516717551	0.993917338840451
SCAND1	4.74890279608261	-0.00190854325457312	0.0989778155217869	0.970016843700488	0.993917338840451
NDUFA3	6.96812935206949	0.00169379042768094	0.106791788324113	0.970596373348105	0.993917338840451
CAP1	7.00241198732361	0.00143481284215066	0.0919783841617883	0.978406945250249	0.994944574247177
NKTR	3.76806786328351	0.00130710528547006	0.105245893541429	0.977545305966475	0.994944574247177
LCP2	7.25429783970602	0.00121927097029133	0.098217344762628	0.978452925794896	0.994944574247177
CD44	7.02949321148823	0.001197594063018	0.0966305079794671	0.98220956465573	0.994944574247177
TPI1	6.90371863392508	-0.00168884497813797	0.0926339189846596	0.97600458052763	0.994944574247177
PEBP1	5.87262346629719	0.00116137976125946	0.0959274365569113	0.982716205178217	0.994944574247177
PTGER2	4.22115122507654	0.00144889283898629	0.102804313709173	0.975586466181588	0.994944574247177
ZFP36L1	6.62572345205112	0.00129357969558382	0.103631987585345	0.980393530600163	0.994944574247177
COX5A	4.66281942299805	0.00120287792033378	0.0978445093034887	0.982017649232123	0.994944574247177
EIF3D	4.30693624810749	0.00174959330949652	0.0989952966883542	0.972846343712826	0.994944574247177
BCAP31	4.5157365613214	-0.000876991648158799	0.0975624604360651	0.986376555974228	0.996202123731182
UBE2L6	3.66388769228355	-0.000685712650351364	0.103234782867927	0.987297523742524	0.996202123731182
NDUFB7	4.08425264765475	0.000838032996491022	0.0992110271270818	0.986358367640155	0.996202123731182
EIF4G2	6.7182975569467	-0.000796597671547782	0.0942809062692931	0.989774573391779	0.997576850434282
SFPQ	5.26359265604916	-6.76882882578829e-05	0.102416439308624	0.998381072446774	0.998460586718823
DEK	5.21710888706077	0.00205336234827496	0.098413168255063	0.993502515117249	0.998460586718823
UBXN1	6.17325611524533	-0.00036995977064961	0.095279721261506	0.998460586718823	0.998460586718823
CDKN1B	3.98555778216513	8.78674901948475e-05	0.101189329623962	0.998419667070846	0.998460586718823
TGFB1	9.49299087101376	-0.000246264555333828	0.103034715034516	0.99501188124143	0.998460586718823
FLT3LG	5.73718394031446	-0.000289452180967866	0.0985522104713141	0.995355658058289	0.998460586718823
XRCC6	4.529991812064	-0.000283601703344143	0.0974188399362523	0.995361317520322	0.998460586718823
