chromosome	start.pos	end.pos	Bf	N.BAF	sd.BAF	depth.ratio	N.ratio	sd.ratio	CNt	A	B	LPP
1	14542	1660735	0.49881131670089	118	0.123166955268272	1.14859495070771	19343	1.18653314363167	2	1	1	-6.73594203251202
1	1660812	6209265	0.498900973606972	217	0.0660398408690586	0.838982060179922	15517	3.36120916995845	2	1	1	-6.74828941640196
1	6212356	16877645	0.498894597711432	464	0.0935204077019365	0.974354827497021	49119	3.34769870924524	2	1	1	-6.73889765687213
1	16890421	16891735	0.3660775108535	14	0.148694631398021	6.41444891279953	432	3.14027762114928	14	9	5	-6.7330851326572
1	16891835	16940095	0.3286222328768	42	0.111267068925076	1.96627930100457	2399	1.94456103020986	13	9	4	-6.74559149217797
1	16945738	17280578	0.334672395493066	139	0.115830008038387	1.15390480104618	5104	7.73906672254396	12	8	4	-6.74361395982519
1	17281003	23289568	0.474774153991233	432	0.0786172816448898	0.917232899625643	28175	0.929868664433617	2	1	1	-6.9004942249458
1	23745514	24304405	0.498044719766931	10	0.2423877517991	1.09747608577324	3163	2.21501585110815	2	1	1	-6.73309164796373
1	24384237	31188901	0.498896322604472	273	0.0929875322668486	1.05359823973927	28044	1.4149652963776	2	1	1	-6.73414688990395
1	31191399	31581187	0.45931033349966	17	0.206745349901473	1.13157574610891	1173	1.32153438195674	2	1	1	-6.75650093137993
1	31712314	35972249	0.498919808788205	139	0.0751716924017715	1.01438045243169	21140	6.75902708526817	2	1	1	-6.73335797228971
1	36097270	36603223	0.497880397528352	9	0.240720331043678	1.20012867146212	4069	1.06750717555493	2	1	1	-6.73616532159548
1	36641729	45307506	0.498930257551928	386	0.0783693942865267	1.05462947780126	39964	4.34415041504104	2	1	1	-6.73326918697941
1	45308409	45672394	0.497786247490112	9	0.231592554092551	1.14621903894033	2330	1.53919286366934	2	1	1	-6.73343605182532
1	45796269	48937691	0.481376336407637	151	0.0865560865265424	1.03265396692861	13321	1.55652980024333	2	1	1	-6.76208941653877
1	48937897	52082704	0.498179763309484	14	0.200726222710229	1.16001207054135	3794	1.13634271058486	2	1	1	-6.74100872850497
1	52264064	79106967	0.498920419971344	480	0.0927732885715118	1.10726543231973	47182	3.09963681677852	2	1	1	-6.73434885164586
1	79214968	84544300	0.0049013395792421	14	0.224348788989108	1.16725754877612	1815	2.76945102220254	3	3	0	-6.86698428187629
1	84551736	106435755	0.494616574811552	330	0.0962213378612766	1.12937159007581	33180	1.65824323773539	2	1	1	-6.74541243078577
1	106435838	108048135	0.212241645746337	11	0.15222286293458	0.982138882661416	413	1.91473602662266	1	1	0	-6.76692828814391
1	108115871	111861822	0.498913753404324	199	0.0701876967566341	0.990524851650312	17655	1.14672207639774	2	1	1	-6.74527722425185
1	111862042	121483868	0.474198877161579	171	0.13428031946926	1.07650989341678	25425	1.70412511045104	2	1	1	-6.75510182871037
1	142810509	144854844	0.320065783666673	76	0.109124659923909	1.37159470477822	2343	3.88476324778949	4	3	1	-6.78353285699497
1	144854883	145109583	0.496081693910317	120	0.0769549888449297	0.709475557830986	2174	0.376876710263275	2	1	1	-6.91687342344952
1	145109897	146493408	0.498595421185935	117	0.134477799337247	1.42333723270242	7373	2.49511271952313	4	2	2	-6.74237647259252
1	146494510	147595330	0.000415351556616428	28	0.0960929540606689	1.31029436299568	2963	2.23420075890675	8	8	0	-6.97397346022995
1	147597237	148579866	0.299374945040729	34	0.153607484707903	1.9634892587303	1759	1.70171649012249	4	3	1	-6.73562111902169
1	148582475	149700785	0.498670972688676	92	0.111123623174054	1.79921566317602	3246	21.2057333627097	4	2	2	-6.73311686126715
1	149701003	155209360	0.498918436120222	370	0.0980357612364637	0.968953076388926	48899	3.67216159730107	2	1	1	-6.73586861385626
1	155294751	155934627	0.497773710576483	9	0.232678426159367	1.04381138095005	5536	1.04401807826287	2	1	1	-6.73344166234281
1	156005431	161276376	0.483840458765349	371	0.0801107459036381	0.990847157240343	35153	1.04203890835384	2	1	1	-6.77778197049156
1	161326293	161696381	0.417143341480774	43	0.118229875382668	0.892504016041335	1690	0.559259849109291	3	2	1	-7.00610109902695
1	161696782	168025245	0.476629296001048	129	0.0908086397876189	1.06058558563512	10555	0.959051591439783	2	1	1	-6.77355278105386
1	168025262	168262527	0.498168803477862	9	0.171760734744586	1.31234046699935	1227	1.65035697445296	2	1	1	-6.73512764820982
1	168262624	186925169	0.498916970996772	372	0.110624363586221	1.15455011982247	45338	1.59552064728294	2	1	1	-6.75395306306665
1	187584870	199357042	0.498716009190746	37	0.161185608229458	1.2743664991305	8672	2.84007479694503	2	1	1	-6.7576040387351
1	200011818	202113835	0.470386511125727	128	0.0645766874385137	1.0036018657917	11893	0.914647967915921	2	1	1	-6.86424095195208
1	202119280	202183327	0.498579128005855	9	0.241286885493412	1.08981336314019	507	0.687421634769136	2	1	1	-6.73306089584868
1	202196931	214656527	0.498910973954405	439	0.0732028429316109	1.03317514392753	39636	5.16663413996651	2	1	1	-6.7336583563142
1	214656575	214656669	0.493195117070466	2	0.00353553390593274	3.18927471566184	8	0.849110458908952	8	4	4	-8.39624173130377
1	214656690	214787430	0.498525487198288	9	0.168650361530726	3.09543848780675	484	2.01668747092578	8	4	4	-6.73325097161772
1	214788427	227598121	0.498905910231434	225	0.0697451631138517	1.09157422535439	25983	1.27441164776709	2	1	1	-6.73396533683315
1	227622011	227696033	0.361382660003007	16	0.104069347872785	7.74450468757124	95	10.4392846708679	17	11	6	-6.73325849491136
1	227751602	230795177	0.466317490473773	106	0.0634619149183455	0.902561531782513	13864	1.00830784655135	2	1	1	-6.95335612546093
1	230796375	249230873	0.49891118750958	599	0.0994354382764212	1.09747585029596	42142	1.43588563243245	2	1	1	-6.73489704325033
2	224919	25469502	0.498931868567854	387	0.109074017048319	1.1137653964725	34046	2.55920367600917	2	1	1	-6.73560930565874
2	25498283	25758165	0.498780032091332	10	0.241777124182123	0.852568376081471	703	3.97683851993744	2	1	1	-6.73358582051447
2	25973060	27320278	0.498883791769101	60	0.0822456977735607	0.948712585973363	7644	2.30059490493856	2	1	1	-6.73561670930029
2	27381905	27892023	0.498343609607188	10	0.189713936698857	0.971826909452472	8397	0.705610855826776	2	1	1	-6.73962733268299
2	27910706	44223131	0.498923878560233	317	0.100204116443797	1.17420690690439	30871	1.59291120022522	2	1	1	-6.76141197974458
2	44293351	44548425	0.000827420865196049	13	0.21427028821154	1.69647208845114	877	2.87736718112743	10	10	0	-6.76423122278718
2	44548613	74512808	0.498925939710229	487	0.0922159227511843	1.12319370223012	54011	2.24947507890495	2	1	1	-6.73921220359393
2	74534725	74649921	0.0375898099772274	11	0.057086059435016	0.994370731552538	1303	4.2008630534608	9	9	0	-6.74091905943113
2	74666762	86509388	0.080928319987545	114	0.0752766449873166	0.990033719678128	16924	2.26496621747351	3	3	0	-6.98975054923922
2	86708944	88260994	0.498688741889205	23	0.202154677991859	1.1893513239732	4010	1.10264046682593	2	1	1	-6.74050592748885
2	88384084	89036071	0.417006045461942	17	0.0448204752317509	0.924709343266964	1604	0.40617572189626	3	2	1	-7.84937162111005
2	89065543	91685289	0.291583295293363	9	0.11437268516176	1.6452060959771	732	2.3196341478783	4	3	1	-6.73721180485623
2	91685346	91874030	0.499225101146255	54	0.077165818805309	1.94436542061703	1098	0.976259991266037	4	2	2	-6.73336269827498
2	91884576	92080237	0.337441735749273	33	0.117586090318386	1.17504159981924	885	0.776624788699786	3	2	1	-6.78184524600996
2	95515213	96578217	0.498607845552923	10	0.192735166600298	0.902981953553473	4952	3.10755200525252	2	1	1	-6.73512408759806
2	96580165	106994382	0.483781227027465	305	0.0764885637743692	1.05977353592653	34455	2.1851158018453	2	1	1	-6.7602494361563
2	106996741	108486470	0.498022702045172	9	0.186402119086667	1.06365408485994	2676	1.44847449278579	2	1	1	-6.73316930080429
2	108488016	114195384	0.49890616983615	158	0.0757267215860454	0.982822265691556	15577	2.32579352951904	2	1	1	-6.73851336897454
2	114299465	114500580	0.498244848584775	11	0.174655713281353	1.11835756750108	921	1.69567655377853	2	1	1	-6.73314821854586
2	114514298	128854967	0.476972545394858	183	0.0740878323725471	0.990233236452946	16209	1.07517276847353	2	1	1	-6.84315955675921
2	128886930	130898589	0.498602290982497	29	0.173440702662038	0.99411817720896	2002	3.7492942984869	2	1	1	-6.73362664798979
2	130913018	135160755	0.498916267096504	89	0.0910978494906339	0.965461584186087	11168	13.661889738314	2	1	1	-6.73327945106983
2	135878643	138330279	0.497856367685396	11	0.235425070110138	1.38178739981239	5233	1.53574864527708	2	1	1	-6.77139793454245
2	138375815	178080135	0.498920793029728	477	0.0871079779675238	1.15714408191725	56624	7.67495045218895	2	1	1	-6.73517355805454
2	178096895	179567560	0.498731750355072	13	0.218428683426856	0.968690448526957	11996	0.726398005375218	2	1	1	-6.75196729031132
2	179592167	190445076	0.49923068570728	135	0.056553918660559	1.04866422074399	15134	1.25310987332045	2	1	1	-6.73620697304383
2	190687213	194142078	0.00689231585867378	10	0.219042258733586	1.19011180466746	5215	2.22829960566765	3	3	0	-6.86426751519804
2	196544630	202491995	0.498892597851174	79	0.100376092512454	1.13127076668297	15326	1.01727294930257	2	1	1	-6.74124486625765
2	202501448	202626566	0.497908265861176	9	0.233230036659089	1.27939253952006	1966	0.706978079513812	2	1	1	-6.73750105225873
2	202901235	210043381	0.487973732185975	141	0.100418758969571	1.30041761322995	15756	2.03746519987972	2	1	1	-6.7778762546891
2	210044706	210783571	0.496392591473605	17	0.212074886191037	0.949605383580968	1610	0.75373332159222	2	1	1	-6.74564977241456
2	210804439	243060993	0.481898894825984	947	0.0859748836735775	0.97585984632892	88872	3.84938978063906	2	1	1	-6.77232206111506
3	361660	33558407	0.49676192467919	516	0.105298228844636	1.01175657593374	52728	2.17826949079048	2	1	1	-6.7502269425506
3	33558808	35780640	0.492287342211497	9	0.199944367262496	1.03397187699905	1561	0.959085988569581	2	1	1	-6.73639437257038
3	35780735	57542173	0.498933726831056	627	0.0883163005845921	0.918732635680314	103303	1.27517399112211	2	1	1	-6.93068382226117
3	57582972	77090112	0.470316154279691	201	0.12247129199606	1.10868966970921	20668	1.68662503947959	2	1	1	-6.77140266227771
3	78663607	88105264	0.00133072268290563	10	0.213127739474085	1.24357133069504	2563	2.47662646818224	3	3	0	-6.89120263668607
3	88188420	90283951	0.429735505119949	22	0.0483961153677026	1.23014693979515	1254	1.20698064625539	5	3	2	-7.09571829657744
3	93593119	97200421	0.49799065642665	14	0.233435792522846	2.51085165590664	1872	30.1921489858171	6	3	3	-6.73307922310306
3	97364924	161047973	0.498932647581665	1150	0.0963036717132544	1.08514701651354	120524	2.09647876689257	2	1	1	-6.73352928711321
3	161047974	164700851	0.49786058794795	9	0.215101397278379	1.09117114033869	543	2.59726096746657	2	1	1	-6.73314013101236
3	164758630	169643955	0.218277217594539	50	0.0617072879630526	1.05972851457308	4487	1.44652308180518	1	1	0	-6.98104482815456
3	169650027	169866699	0.497980445500611	12	0.216692212946186	1.29216977789963	720	0.844753398180694	2	1	1	-6.739084211037
3	169889331	180546916	0.498894557112412	106	0.088647124929751	1.1436701481682	10776	2.41308272344888	2	1	1	-6.73701170404257
3	180864083	182559806	0.402940537454416	10	0.145267722192892	1.3870476257958	486	2.44032340023674	3	2	1	-6.76875571347367
3	182583990	195345436	0.4989083189836	283	0.0925435867034656	1.06606574679564	32908	1.96207351327933	2	1	1	-6.7333426772061
3	195346352	195412876	0.283882148732735	34	0.106287706950716	1.55447215893426	559	6.15224513401897	11	8	3	-6.73504391090943
3	195449689	195479237	0.374409512233418	31	0.0788681491239433	1.00502438743216	933	0.698930492479212	3	2	1	-6.74259657026392
3	195489568	195509914	0.0504574713785362	15	0.0900625179686708	1.4632680055818	792	1.67200099962767	7	7	0	-6.73533114468114
3	195510636	195801882	0.498579492480792	52	0.127140401720393	1.2658975426709	3673	2.33121891398712	2	1	1	-6.7339386632354
3	195925022	197894713	0.499226933391403	115	0.0737016715172686	1.00968572617477	8257	1.8209797651254	2	1	1	-6.73460472515443
4	53618	10509699	0.498921750323248	676	0.0783828621238823	1.11429391047919	46869	16.7614308923742	2	1	1	-6.73316832859974
4	10527342	49553059	0.498930076349118	440	0.0821160519810786	1.12996937219133	39588	1.84325265891662	2	1	1	-6.7486243148453
4	52757804	74302800	0.498923642862009	369	0.106183085722403	1.19352172853553	28859	3.85287303917192	2	1	1	-6.74217179831115
4	74302870	75024244	0.497866392688947	9	0.21999286604595	1.30952533179363	1866	0.709086098889704	2	1	1	-6.76562457197491
4	75248434	130030944	0.49892959906846	726	0.107216519721839	1.14122119750218	80802	2.46804481257627	2	1	1	-6.75080554817163
4	130031178	138369696	0.0104476604469879	9	0.210461661855814	1.28118959767857	786	5.52730608510364	4	4	0	-6.82269603032497
4	138449683	189065435	0.498919639269167	554	0.0957891792706374	1.07423812825101	55432	2.21980341056599	2	1	1	-6.73316544643324
4	189192001	190906142	0.448611783394018	14	0.151132955802731	1.91214881355072	677	2.29998333446207	5	3	2	-6.77021335449895
5	163769	6754762	0.498889937801962	251	0.0848650044017648	0.934644343953642	13955	1.56160515639563	2	1	1	-6.76579388354685
5	7300327	14678996	0.24250192764103	74	0.0676712070390734	0.746491112868671	7707	0.793551785106641	1	1	0	-6.84982757806338
5	14769075	37036492	0.498915867037018	191	0.0914009327319538	1.12386636369223	19007	2.03166160149228	2	1	1	-6.73883438355497
5	37086020	37212170	0.497937598224438	11	0.239631952642532	1.22075264979447	1360	1.83727667530294	2	1	1	-6.73342311021297
5	37292239	44310492	0.498895290906501	145	0.107265422579814	1.13110803458255	11711	2.92649895077487	2	1	1	-6.73424881520371
5	49410189	70952506	0.498896127124475	259	0.0992596645634492	1.1172744263986	24866	1.78578845349886	2	1	1	-6.73840349478392
5	71089827	71742979	0.497990025268949	9	0.216636856923696	0.875035162946382	1183	0.673644131266655	2	1	1	-6.77028635166877
5	71756102	137278733	0.496804723171995	797	0.100080091253752	1.170667538027	86231	2.46087143905377	2	1	1	-6.77788243985137
5	137289750	137682225	0.0107383117699351	9	0.23144191735965	1.03119397034599	3000	0.745161730989394	3	3	0	-6.8787163700968
5	137682714	145442133	0.498931561564945	265	0.0847733891113797	1.03402073437014	43273	1.12061314183074	2	1	1	-6.73943024738427
5	145442203	146659075	0.497944291552607	9	0.227428560211773	1.26677657930987	2934	1.78394080808108	2	1	1	-6.7390758246481
5	146754839	169468929	0.492439889214939	389	0.0817543045065889	0.931734049309174	38341	1.07945680748952	2	1	1	-6.97583539483946
5	169508764	170847694	0.498187262088327	14	0.21152808765772	1.09332646756673	2455	1.34306012239145	2	1	1	-6.73316753621884
5	171217371	177688772	0.498874091730316	150	0.118752214344125	0.979205064266869	21588	2.1172362756302	2	1	1	-6.74101116747239
5	178044675	178208025	0.497986314132528	9	0.220316313008769	1.05472948087098	449	0.92479997690616	2	1	1	-6.73313248387466
5	178208028	180710261	0.487664984572031	141	0.0850174110542706	1.03802061853488	13881	2.36631099147244	2	1	1	-6.74600857480347
6	146446	29857965	0.131767070617932	618	0.062215213804597	1.10371939102408	54146	2.54036921460586	2	2	0	-6.74510475076475
6	29858218	29902051	0.0426565949616351	20	0.0330197309434669	5.10923708304655	152	11.5021882147436	8	8	0	-6.73455521308613
6	29910225	29910371	0.4677957585333	10	0.136639387521396	1.1785852435838	18	0.177461779001947	13	7	6	-6.73991701573809
6	29910378	29912147	0.0985099804389417	54	0.114876611714212	0.655536271588139	189	0.268002234260069	3	3	0	-6.74347151333266
6	29912149	29944896	0.49875904611502	30	0.153294982710257	1.91263097327209	174	2.73611065308888	4	2	2	-6.73307163700831
6	29974346	31237463	0.13752028781314	174	0.0615348935162682	1.0641173671217	13734	1.28516619069623	2	2	0	-6.73407641285953
6	31237563	31239999	0.292365519773077	40	0.0729654642578184	0.549349486131686	225	0.405397257549396	4	3	1	-6.74646602738676
6	31244520	32489675	0.140865762927971	271	0.0802837427469607	0.971187643730583	19541	1.34454529983511	2	2	0	-6.73756185774525
6	32489695	32489973	0.213834384271767	17	0.121279089900357	0.694322296014998	37	0.223552497680565	1	1	0	-6.73401539237513
6	32497847	32549670	0.144485190625892	47	0.0730531847874244	0.964893228222619	192	1.29020775447637	2	2	0	-6.73551844767736
6	32551878	32605197	0.223380849833046	35	0.11061206340824	1.20786492134365	83	0.641359194154978	1	1	0	-6.75840903254499
6	32605204	32632660	0.133476115356641	51	0.0529804033323162	1.21670801554059	268	1.21942950968267	2	2	0	-6.74227704730368
6	32632672	32634373	0.106509484386493	27	0.0500208788316271	3.92790812880465	93	2.56219532000929	12	11	1	-6.73418400237614
6	32712818	32946328	0.150332359087107	98	0.0677810611388301	1.10442290744196	2667	0.681161232808493	2	2	0	-6.74712252822471
6	33048457	33052803	0.276507839571174	20	0.0503767646941785	0.828898430179802	70	0.24121327384342	4	3	1	-6.80914120407709
6	33052950	37897839	0.133138255445391	353	0.0563820210799142	0.925858295729823	26613	1.1108563103401	2	2	0	-6.79566595985985
6	38084569	56857205	0.488145362271416	448	0.0833849046639915	1.01827640848113	52740	1.75901652147995	2	1	1	-6.75677353700394
6	57175999	57840747	0.444322075935154	29	0.105600756173588	1.26770631412795	320	2.06715212330908	7	4	3	-6.80638771610987
6	57840985	58778809	0.337285866676434	13	0.109740135938942	1.58610802333278	342	8.62129548142824	9	6	3	-6.74309000847819
6	62390916	158571706	0.490448581502307	1225	0.0981276511201901	1.10524535364449	127168	2.55140051974221	2	1	1	-6.74440100656493
6	158658951	158902468	0.497915641487501	10	0.20206129433087	1.0573123165832	421	4.02023784810465	2	1	1	-6.73309682717775
6	158910491	170949288	0.483658081058473	283	0.0895679102445346	1.00214991722728	22772	3.06464986627977	2	1	1	-6.75698435828515
7	31273	5569327	0.498906700834474	294	0.0727151908367912	1.15437209052593	23632	2.03453493181391	2	1	1	-6.73696715554877
7	5780532	10491106	0.498634432982508	27	0.172189925287081	1.32756526651031	12470	2.02908923341181	2	1	1	-6.76279946846463
7	10491619	56879685	0.498940182296608	882	0.0969207470918658	1.0754904601501	73527	2.37820681699957	2	1	1	-6.73311997544779
7	56880212	56899148	0.28547120958081	11	0.137744889362381	1.74824130142258	956	2.20311587157131	4	3	1	-6.73390139728282
7	56899910	57928143	0.499007096155579	15	0.108201663573163	1.51043947873239	1899	2.16119722168266	4	2	2	-6.73860654539421
7	61822070	63213037	0.438235624540597	42	0.113122960964292	1.43476701350436	2196	5.67308633829834	7	4	3	-6.74762201990381
7	63213535	63223552	0.17028289403878	13	0.150406756190313	2.22511378196645	149	2.20806822316719	13	11	2	-6.73423177424037
7	63225578	71801632	0.498910614539762	152	0.0996072524484419	1.45039664236489	16290	3.12109784333569	4	2	2	-6.76469430493048
7	72093957	77255864	0.498852076224741	204	0.122814711639735	1.0139767371735	23794	2.78990470312754	2	1	1	-6.73455445630223
7	77255941	101962247	0.496812768720945	546	0.083611477388718	1.08008554738338	72367	7.54802603058812	2	1	1	-6.73390286209612
7	101989294	103053435	0.498653023861075	53	0.139012816441428	0.928432403474252	6000	2.71383879331949	2	1	1	-6.7350094290794
7	103124207	120610632	0.498899234145729	202	0.0979377118589529	1.14729183497452	20499	1.37358245727344	2	1	1	-6.75487936104288
7	120610901	120701186	0.0482941745341531	9	0.157395291472705	1.11523663661785	138	1.97293725287632	6	6	0	-6.74524637612689
7	120704289	130080951	0.498912417488391	182	0.103660249818272	1.02608551510511	20077	1.18381277657739	2	1	1	-6.74270550149029
7	130080985	130357518	0.498499496291528	9	0.201712666929968	1.36761085061363	550	0.99547408464886	2	1	1	-6.74255973559223
7	130418525	135418626	0.498922868295525	92	0.0691376917840547	1.22596698831175	8436	5.8111510669827	2	1	1	-6.73465367949346
7	135635179	137527994	-0.00109655814839579	10	0.238385681896655	1.1660513709175	1165	2.23620558173934	4	4	0	-6.8524115850172
7	137590369	140394459	0.498873285396232	81	0.130830514241862	1.08969807979756	10523	2.53677065173128	2	1	1	-6.73310692805057
7	140481227	141423268	0.000354011333441123	9	0.244809619909022	1.06854445798709	1215	0.6060959459824	2	2	0	-6.92228109707108
7	141536855	156754981	0.490313888716097	413	0.0882106141558486	1.07993655848919	40171	5.26889994953952	2	1	1	-6.74025708565852
7	156761751	156999911	-0.000739167065996721	10	0.226784797648441	1.02925672180619	686	0.992643432033113	4	4	0	-6.86047535548953
7	157151234	158460097	0.470474067638896	22	0.100606870661215	1.43460554584421	1557	1.1811412070621	4	2	2	-6.82097638429284
7	158460106	159025494	0.145213799425381	10	0.146733658942543	1.11644816951761	2598	1.88001241776757	2	2	0	-6.73390767958798
8	357362	11995484	0.498894788306043	337	0.0900349391697545	0.946038388796974	17533	1.85995380872744	2	1	1	-6.76713817905756
8	12032775	12044217	0.194757179725009	12	0.121487248364392	0.59700076941847	214	1.14827390042493	6	5	1	-6.74864622434297
8	12051683	39487022	0.475428419997249	529	0.0846391912213911	1.05166573935123	55864	2.31598910466331	2	1	1	-6.78499384003442
8	39495386	43528274	0.498817597699255	29	0.165452603604201	1.06931219797318	9058	1.71582265983973	2	1	1	-6.73310910446524
8	46843735	48068718	0.00147759015615945	13	0.204343884363891	1.85185832230275	700	4.21565857987654	8	8	0	-6.77457311957894
8	48068797	94739345	0.498899302320224	367	0.100607892214079	1.17804921309794	48329	2.62579833181205	2	1	1	-6.7652031348976
8	94746698	94932840	0.0456084898892238	9	0.181311273167936	1.17211318681774	968	1.30569236271356	5	5	0	-6.76901748508746
8	94933219	139161029	0.498927100447077	627	0.0983834583397007	1.08720048628942	50876	1.20541733219947	2	1	1	-6.73454403619255
8	139164192	146115367	0.477541947511998	404	0.0813094868686377	1.11898910827042	44123	19.3956849939167	17	9	8	-6.7723869547386
9	17060	4860300	0.476885037167927	112	0.0767713384076434	1.11373029586009	8462	1.38777822552864	2	1	1	-6.78857763548113
9	5112485	5919499	0.497806286983685	15	0.180814374691942	1.17124640150606	1851	1.25457394588018	2	1	1	-6.73525462393816
9	5921844	32457189	0.498896659942169	309	0.0874416083063152	1.13531440349066	23847	2.59616817373763	2	1	1	-6.73955325857143
9	32472895	32986041	0.498345775475596	10	0.222400664467433	0.981177127958534	1619	1.26175549819	2	1	1	-6.7347610420623
9	33167268	40610136	0.468529539486892	270	0.105795644952813	1.11504472420953	29840	9.91287842901839	2	1	1	-6.78570962032286
9	40633317	45424385	0.418497750864932	53	0.113792528214745	0.793337517387646	3000	2.41588408770157	3	2	1	-7.03051069038517
9	65505560	70183456	0.498562044873289	70	0.129504647110397	1.10310383475687	2891	4.69620870174899	2	1	1	-6.7331734490602
9	70484451	99918645	0.498920129221045	541	0.11649903798152	1.08193369124647	55746	2.18037542720119	2	1	1	-6.73314171813873
9	99925285	99983338	0.21125514771935	9	0.0746315021362368	2.26188468938411	271	10.7718983052005	20	16	4	-6.73351449655263
9	99983513	127255448	0.498935685402333	571	0.0891063335540644	1.0163643862849	59570	2.20080009367472	2	1	1	-6.74464850463754
9	127360949	127730208	0.49844353361208	11	0.220957379682969	0.929875776159561	1306	2.27061200130534	2	1	1	-6.73399327590415
9	127818298	139793030	0.498926746888812	688	0.0887292444874169	0.948057244200327	72064	5.00178019357549	2	1	1	-6.73782328243814
9	139818115	139944653	0.497958339583261	9	0.188908781632241	1.12375494012693	4588	1.27398310448738	2	1	1	-6.73318216289324
9	139944689	141107896	0.498903231924857	151	0.0804246456026326	0.995695593214029	13472	2.19552268513966	2	1	1	-6.73404547530576
10	93603	34634266	0.49892913346467	744	0.0911514580688631	1.17482388162093	58002	3.88930808351939	2	1	1	-6.74332301038892
10	34648340	37627259	0.498140894906007	13	0.178682285004303	1.1361132731915	2767	1.49740611436969	2	1	1	-6.7353242834292
10	37819257	39023790	0.499284452740146	86	0.0549679573368825	1.22031425949191	2961	2.818206322649	2	1	1	-6.73453909159874
10	42644973	43232450	0.000244023687397649	13	0.163938778441597	1.61765717183919	1129	6.66991070879685	16	16	0	-6.7600662521427
10	43281089	45467204	0.498857208904152	52	0.0992755109475972	0.907936171960989	3943	1.40044247087911	2	1	1	-6.7526696711977
10	45602500	45652504	0.00148499400740232	9	0.239446236136633	2.10072448728994	213	5.74902091663156	20	20	0	-6.73777632016524
10	45652579	49240259	0.498742618333583	101	0.123236573586362	0.838602007546094	8805	2.23143432150653	2	1	1	-6.76014843822446
10	49245816	93999850	0.479661449947006	761	0.0966976807123575	1.0671235699749	82707	6.92130131341957	2	1	1	-6.75950982134357
10	94070742	95073046	0.00225734181810466	9	0.224850567661676	1.32838881422085	3002	2.37927997565628	5	5	0	-6.81176331103566
10	95088774	133918466	0.498943812594922	900	0.0816237557162076	1.02172765769102	98027	1.50115156750963	2	1	1	-6.762272550519
10	133918567	134177960	0.494276932340394	23	0.164674118237783	0.726262397367636	1704	0.435059239778579	2	1	1	-6.8591071601303
10	134218269	135086713	0.499445138076736	60	0.0446511398934597	0.940729560143381	5175	0.664190910252511	2	1	1	-6.75483115462414
10	135087521	135105966	0.498026129989692	9	0.190767601488769	0.824812941741415	513	1.23745191629183	2	1	1	-6.7336103541681
10	135106014	135439925	0.497353231509089	43	0.0853084754941773	0.838091112379739	2565	1.44000437749979	2	1	1	-6.73970473681017
11	179314	3150391	0.498908483971557	440	0.0825273016567302	1.55117947695341	32388	58.3854443676164	4	2	2	-6.73315125360544
11	3248942	47826090	0.498941845905528	978	0.0863584310088431	1.03840841612458	98655	2.06488724276691	2	1	1	-6.74170770419363
11	47834346	49861001	0.497970830188075	9	0.215431414711143	1.11397145507536	4788	2.85082175162779	2	1	1	-6.73324802013346
11	55033084	71276831	0.498928983718416	738	0.0910195760794112	1.04334339495886	110882	4.48239673811727	2	1	1	-6.7336183954036
11	71279907	71529081	0.498278682807912	12	0.183954272150511	0.906585553043534	1087	1.6181046492869	2	1	1	-6.73478651512743
11	71604591	78489798	0.498910562725414	231	0.0860698076123124	1.04735082240086	27841	1.22897207522818	2	1	1	-6.73533923854221
11	78590287	79698870	0.498343868498748	12	0.183188096741788	1.37416613262431	427	1.65847460294363	2	1	1	-6.74733974531948
11	82400531	102650424	0.474694602068136	230	0.0910596755699476	1.06868546884257	25897	3.45840096545072	2	1	1	-6.77908200739668
11	103027004	110659757	0.49870451962568	13	0.231717279105157	1.13450461668522	11846	1.19465690317813	2	1	1	-6.74154040841717
11	111156836	111942256	0.499327950138	43	0.0528364031024234	1.23419884690496	4733	1.52105083746835	2	1	1	-6.73687558596656
11	111943613	112106246	0.498002389165112	10	0.210592523872789	1.37143382074514	1053	2.71810710129999	2	1	1	-6.73385162253255
11	113078756	134234406	0.49893008928929	608	0.0855817722180081	0.972042870750241	60602	1.63537785961312	2	1	1	-6.78312636024779
12	73896	176687	0.20447449757303	14	0.126897553211199	1.76480298469684	403	1.13037102983334	6	5	1	-6.74069915679328
12	247923	9554954	0.488169741102633	508	0.0929097949024642	1.0717815726888	43246	1.27371627268265	2	1	1	-6.74284197583635
12	9555241	9558720	0.149179837137501	10	0.118280692516667	1.09182000486791	18	0.612205751649673	2	2	0	-6.73664255311117
12	9571420	15722555	0.485401709728425	222	0.0994455692452383	1.13855042684419	15103	2.82908932075677	2	1	1	-6.74732809397578
12	15731744	16050808	0.497770923847678	9	0.224229235382008	1.18489313023726	870	1.35129103478662	2	1	1	-6.73403379249729
12	16370123	25362552	0.496677457130434	166	0.0944653696367408	1.14793574159244	11031	1.35179562993962	2	1	1	-6.74556045793281
12	25368069	25957147	0.291756694800552	19	0.0885268320906153	1.1939596573362	428	0.367523188597994	4	3	1	-7.2007518462637
12	25957196	34318351	0.498906505882666	214	0.0975696042484765	1.17382710134002	15676	1.80034275741423	2	1	1	-6.74441244605921
12	38472123	40921283	0.49969187945586	134	0.0665101026951598	0.978432694677433	8622	6.1386444853798	2	1	1	-6.73340586875731
12	40925821	42538119	0.00120172981731831	26	0.171385184711111	1.23468339783698	1714	8.85226563643298	12	12	0	-6.77419130482915
12	42627935	43954961	0.497882020482945	9	0.247791803290137	1.3079922680789	2261	2.74484957416791	2	1	1	-6.73703918273143
12	43964280	56626761	0.498939742969272	578	0.0944004402344908	1.00846002855718	70624	1.35895541690657	2	1	1	-6.75113033452493
12	56651756	56906682	0.497798983691923	10	0.197964895878032	1.05066554570652	3791	1.10263417451016	2	1	1	-6.73318436947186
12	56992501	62273191	-0.00117659307845855	21	0.204845284242011	1.05327698513309	17999	2.10047917129004	3	3	0	-6.96150317511546
12	62404423	85554331	0.47925883609524	320	0.112577170980357	1.22654495171055	30546	2.83015721706483	2	1	1	-6.78226235325788
12	85820263	94818850	0.00275577103479149	50	0.176068683258806	1.26312327263808	8136	2.10941131915167	3	3	0	-6.94794453534017
12	94942310	109826634	0.498919585543436	353	0.094460044923329	1.1012113739927	35370	1.88353132552159	2	1	1	-6.73429276512655
12	109831383	109848567	0.0189800018269018	9	0.208040727850208	0.830440435382434	189	1.08130172329807	9	9	0	-6.75929473530817
12	109853306	132248879	0.498929136323507	708	0.0855081171844397	1.02388250879289	74261	1.17146145166205	2	1	1	-6.75859794524503
12	132323481	132401689	0.498138303814916	9	0.175601110474849	1.43723977817833	1218	1.02364791091977	4	2	2	-6.73599209987372
12	132401777	133158097	0.498854277201311	60	0.104720304098085	1.12406537620749	5422	4.00892763247863	2	1	1	-6.73315191155501
12	133158561	133683382	0.00211572545874694	10	0.216181096922619	0.87288765482925	4581	1.06055518675544	3	3	0	-6.93502135492407
13	19239231	22178307	0.498860682078249	142	0.0983389921998108	1.31525143611781	9802	2.93087378247734	2	1	1	-6.7412543673357
13	22255167	23894754	0.497885870245231	9	0.228708390265372	2.6672858040403	521	5.27849277152669	6	3	3	-6.73308825943561
13	23898454	24865029	0.499631643304143	34	0.0328900967925479	1.03903936989459	2774	2.2340946024357	2	1	1	-6.73325909600495
13	24872034	25116426	0.299992513076515	12	0.1054526678255	0.766615965408978	1052	1.2204024595433	4	3	1	-6.81345291390639
13	25116453	25562904	0.498093829596569	50	0.0482249998677543	1.08672601848882	2239	0.63495400877389	2	1	1	-6.73401446655192
13	25563030	26586884	0.498498390295496	9	0.239473902544724	1.09062851956769	2241	1.0579759829995	2	1	1	-6.73313284581437
13	26624697	61988153	0.498929438937411	494	0.10331579424806	1.15642020442634	52286	2.63730953755706	2	1	1	-6.74826654802808
13	64313575	68406761	0.356121837930076	9	0.168669878098544	1.72210311197535	789	3.46495969830465	3	2	1	-6.74115021338151
13	68476664	77167094	0.498918943509362	61	0.083373276765931	1.23857008358235	5082	8.96575592005391	2	1	1	-6.7343879724851
13	77460367	90823654	0.211771333565661	57	0.0921247145590229	0.813946282346326	5214	1.44613390480495	1	1	0	-6.83994537515372
13	92408505	115064542	0.488221436796074	420	0.0775454258681741	1.06667382329901	36318	1.43324476366618	2	1	1	-6.74752516560614
14	19110054	20216560	0.376497833863837	89	0.137525971175272	1.69234162065921	3093	24.2636208416005	11	7	4	-6.73461358952084
14	20265369	27064906	0.494663906053126	321	0.0736889056045076	0.995318949402203	39241	1.55146178937954	2	1	1	-6.74684292473246
14	30047689	31538939	-0.000657278425789887	12	0.198699464701663	1.15675010532923	2004	0.825454637529983	3	3	0	-6.96446960333653
14	31570052	58563694	0.498916240598519	392	0.106193664168174	1.18461774914806	38431	1.82595416141443	2	1	1	-6.77634702855403
14	58600107	59104688	0.497868428809188	9	0.235659417615997	1.26571120715704	2120	2.02531639898024	2	1	1	-6.73498940071103
14	59105188	105179620	0.498939241953146	1085	0.0856129031591713	1.10475754054985	113936	3.43777179363189	2	1	1	-6.73457290264334
14	105196090	105208037	0.351345605150339	9	0.169195235682858	1.09353219586377	318	0.509580641832015	3	2	1	-6.74095968688299
14	105208057	106476901	0.498907225974854	110	0.0987635608450421	0.849964500242949	11791	2.16051218535286	2	1	1	-6.74227156915776
14	106477980	107083796	0.321256606503997	14	0.125684084159407	1.21123241989696	244	4.02260141894813	7	5	2	-6.75924072524074
15	20104339	22143221	0.498649149486718	69	0.121272763307367	1.82772226743234	2593	3.94045936823545	4	2	2	-6.7331195442843
15	22145905	22570885	0.484410745120334	35	0.0311253362170089	1.31393236032683	835	1.30061751229559	2	1	1	-6.88581076578318
15	22646636	23103029	0.218420343373144	37	0.0952178393838935	0.658625442015631	2169	0.986556257057418	1	1	0	-6.73363295314419
15	23103063	23501554	0.453627755779044	28	0.142929529940809	1.27735128574416	2319	3.31906414296888	7	4	3	-6.75843225436688
15	23603641	28516084	0.212831007932463	62	0.0948164303973449	0.777211375149071	5693	1.25188474446429	1	1	0	-6.76211686172271
15	28517969	28857108	0.0208102387209127	12	0.0770015741673014	1.63073791748363	615	6.7977693212153	16	16	0	-6.74202128092118
15	28882253	34849011	0.49886096714634	179	0.108348972505849	1.05475461132796	18765	1.67974051186059	2	1	1	-6.73367748966241
15	34849043	35385338	0.498088065767502	9	0.219020420154022	1.45650593536954	1615	2.35438073816106	4	2	2	-6.73644515319598
15	35664298	42968254	0.498909248072837	137	0.0793893023986044	0.983906590530979	28413	2.51454133290418	2	1	1	-6.73886952036451
15	43262966	45412138	0.000690400453851381	14	0.224260016376203	1.03677153424892	14123	1.39308402541137	3	3	0	-6.93378920440913
15	45428712	55653031	0.498886335505995	186	0.0871435085257356	1.07118593845179	22080	2.25933257060907	2	1	1	-6.73317025709497
15	55710365	55919139	0.213076295322838	9	0.169782049829905	1.60296487860195	772	2.88075435322815	6	5	1	-6.7381088872555
15	55965971	63998863	0.498887211900363	229	0.0979953680676858	1.12186229640378	19794	1.57380244746303	2	1	1	-6.73626166708755
15	63998928	64923580	0.498129111898948	18	0.209046543899534	1.00940333106498	2945	0.779698578559894	2	1	1	-6.73697339363674
15	64962630	76077769	0.472624007910727	307	0.105322998042555	1.03846165245498	43914	2.43427320561587	2	1	1	-6.77483297618593
15	76077780	76552863	0.150328798476553	43	0.081088251556072	1.23817306772333	1373	1.92763528010113	2	2	0	-6.74422906520029
15	76552928	76553642	0.277709527623554	18	0.0699310584874594	1.05758466190302	52	0.274092439075526	8	6	2	-6.74460343337483
15	76763442	84790269	0.498895914987766	345	0.100170989387801	1.14225657477057	25889	3.10068386445737	2	1	1	-6.73480413891735
15	84858377	84909081	0.498447980948837	11	0.15059844258521	1.80151974172203	173	3.20412624546977	4	2	2	-6.73309583896359
15	84946048	102516652	0.49892291870343	439	0.0956109050740269	1.04439392611873	37604	3.53413564091754	2	1	1	-6.73393158168957
16	66484	84130	0.497973351691914	9	0.173092541080711	1.47669421392152	144	3.33646637187034	4	2	2	-6.73316108541385
16	85658	632767	0.498836824638984	65	0.131592739307538	1.24449808425957	8969	1.40363018599265	2	1	1	-6.73653035920065
16	633125	14354653	0.49892918305834	746	0.082265999053584	1.00616579680184	75124	1.75539072277233	2	1	1	-6.7456673622484
16	14354661	15125441	0.49850244828228	33	0.139758036306043	0.95096038279045	3700	1.25282148849785	2	1	1	-6.73769889014858
16	15128416	20085030	0.498892119159962	145	0.104661816272414	0.972534685550709	16286	0.837777087120416	2	1	1	-6.77734330471162
16	20328685	20497775	0.324676880100364	43	0.0494657280374691	0.879429655544524	2007	0.976025980178098	7	5	2	-6.96513269774606
16	20498079	29395098	0.498897099419144	301	0.0739297487614964	0.957658944985463	32825	1.24866732402459	2	1	1	-6.78044468108385
16	29395126	29706444	0.497930156741471	9	0.2146664725672	1.00647230652127	1238	1.11856121099526	2	1	1	-6.7337811362886
16	29791575	32014215	0.498855901287835	63	0.133945635164881	1.05935682995549	27874	5.60602195577945	2	1	1	-6.73308583957846
16	32164030	33573071	0.498393842169263	38	0.180642651179947	1.91300856347043	2695	5.2779089121686	4	2	2	-6.73310753302918
16	46386589	46390212	0.491446679948251	15	0.122906468503493	1.11583263577997	514	0.683006367391599	2	1	1	-6.73593982480799
16	46390658	46865289	0.495998892232324	74	0.136436922023423	0.93053886915403	4142	0.620445536828105	2	1	1	-6.74942586078296
16	46931477	55764317	0.498916610120577	139	0.107708819328941	1.12121888450157	16325	1.62099624242154	2	1	1	-6.73626761208478
16	55798534	55801127	0.132972861227868	10	0.0631544843133794	1.66295481500453	23	0.600120053865377	10	9	1	-6.73923563359437
16	55801202	90234324	0.498936078847106	1273	0.0873579887629318	0.991005835305354	120453	6.10376671112616	2	1	1	-6.73700586512021
17	65632	4937967	0.498928932333406	431	0.0995128190470807	1.01942024183162	37948	7.69188508128635	2	1	1	-6.73325132575562
17	4937982	5124462	0.00114381836123406	9	0.224226695803847	1.02790866137633	2353	0.47603186507448	3	3	0	-6.9156918175091
17	5185664	18291559	0.498924846866858	623	0.0953243528253158	1.04787862766655	72648	1.30938633734412	2	1	1	-6.73668650646692
17	18301096	18539004	0.498421993487976	29	0.166366294189552	0.993051550783015	998	3.35836378503151	2	1	1	-6.7331681587837
17	18539304	22253144	0.498848388405478	180	0.101233812953798	1.09087535014178	14352	2.70177124677545	2	1	1	-6.73315328253154
17	25308788	26081964	0.00518413741258653	23	0.111998958916675	1.18843562674516	1987	3.95269293189372	11	11	0	-6.82322975554562
17	26089867	28771097	0.498927873230038	128	0.0726104761725193	0.986736423299323	18182	1.15154890695939	2	1	1	-6.74255520910003
17	28771159	29284707	0.498726155094771	11	0.212617411413938	1.4495567990178	2850	3.90644565813852	4	2	2	-6.73427076368506
17	29325624	30036653	0.235337655761889	34	0.0836007616234955	1.17982378287787	2949	4.33337313957171	5	4	1	-6.7445567735676
17	30185954	30632274	0.0756694336848803	9	0.1565961720832	1.32939114328372	2619	3.8375467297128	4	4	0	-6.73583931342152
17	30643361	35766475	0.498908835886619	127	0.105846813516084	1.0811246929241	16598	3.24997289001065	2	1	1	-6.7330966288409
17	35783467	36333564	0.498143263243638	12	0.173850575861205	1.00364694009731	2239	1.80968763800002	2	1	1	-6.73360724732425
17	36339584	43535952	0.498925513127418	528	0.0891051556743684	1.00448386043985	67960	5.22225858541719	2	1	1	-6.73389803830634
17	43594575	43662308	0.48228155327811	13	0.0956995833659178	2.82766520226642	507	14.4687296587157	19	10	9	-6.73696756483982
17	44060859	45777216	-0.000872509670274163	28	0.186922737483592	1.29729061829493	7261	4.96273025413625	8	8	0	-6.80656155604332
17	45786621	65850029	0.498927790097376	440	0.109307476458912	1.08355097081857	69232	2.77514490049894	2	1	1	-6.73313520947982
17	65905579	66202281	0.498689727609088	9	0.198732092135227	2.07698409352795	1964	8.77282405344025	4	2	2	-6.73308580108153
17	66202402	81042762	0.498936836770611	892	0.0806750149490035	1.18076433109021	81569	24.5158806851432	2	1	1	-6.73325780821447
18	47974	80525	0.241949791588305	12	0.091995059155864	2.11324757724675	142	3.17483009502155	5	4	1	-6.73321011080013
18	83927	10797682	0.498903091469475	240	0.119244447312166	1.27836648829902	19808	15.3520960414607	2	1	1	-6.733876682463
18	11609487	11644845	0.353692529940855	43	0.089079878795391	0.608813549855429	862	0.963176551447316	3	2	1	-6.76531226812502
18	11647613	11648148	0.186584505585516	9	0.133157279602398	3.99854690613211	48	2.60848565209071	12	10	2	-6.73303658445813
18	11884670	14179603	0.498874707635497	85	0.0998288030378327	1.35553506260196	7830	2.51052358896462	2	1	1	-6.74458884764677
18	14183509	14183747	0.204832773094153	10	0.0538726894322779	2.14894749504067	24	0.295971107946587	6	5	1	-6.73309756900807
18	14361638	15197704	0.481203974200454	45	0.0803906999998423	1.11673008650115	2260	2.23988901016722	2	1	1	-6.76577890009425
18	19996011	30257420	0.498882544946027	123	0.106299036398632	1.07512267993842	15427	1.60059528103376	2	1	1	-6.73310853756076
18	30673016	31226058	0.00011503858935713	9	0.211243606083382	1.71186572283436	380	1.79757278286584	6	6	0	-6.79564825909682
18	31241497	77660015	0.49892717523007	513	0.0836705391077608	1.13136021543142	55371	2.8976372431225	2	1	1	-6.74098655495283
19	282449	871987	0.498903903331744	125	0.0797263926025714	1.43494041837722	9482	1.27045117455084	4	2	2	-6.74746201135418
19	872255	873126	0.306198746864336	9	0.140938816512698	2.39515734588794	55	1.01550479461142	7	5	2	-6.73308366210257
19	873743	3155902	0.498911072491253	328	0.0956185540291095	1.41085753491243	39007	9.39237125718297	2	1	1	-6.73423453549432
19	3157885	3491295	0.498296881431873	12	0.198033112474565	1.33014252542666	2489	0.798520386850958	2	1	1	-6.74695269445351
19	3491922	12924157	0.498945636128288	1118	0.0867075569085302	1.10005935269196	108294	3.19376169530693	2	1	1	-6.73335497745853
19	12936617	13134927	0.498365670771616	9	0.216499871696139	0.915525348477487	3137	1.19620219186817	2	1	1	-6.73527171865179
19	13212025	16000609	0.498900409463153	239	0.08029809993302	1.13067724701478	25198	2.6166650719051	2	1	1	-6.73370755988906
19	16013239	16024538	0.397650646228528	9	0.142280532751322	2.7676615815179	128	3.60317732365837	18	11	7	-6.73403146737725
19	16024662	17337421	0.494484248509454	129	0.0816183644334454	1.132557671457	10503	1.93479406233553	2	1	1	-6.7362896799283
19	17339225	17361116	0.49780582513982	9	0.176431132299389	1.18083891812679	550	1.052444077934	2	1	1	-6.7332218188164
19	17362526	20002253	0.468598741945621	283	0.0873709317984481	1.11022221176836	33533	1.91237029834183	2	1	1	-6.809932985817
19	20359932	20883015	0.498279528812275	9	0.158523657540444	1.95882987063151	3456	4.61729790928255	4	2	2	-6.73314542635632
19	20883017	24015602	0.498890708702253	95	0.0799171743697093	1.460500573391	28859	3.09849605131601	4	2	2	-6.74423849849918
19	30017759	40366362	0.498930119337647	609	0.0800694478683199	1.02971031016109	65664	0.985588718546729	2	1	1	-6.74630544986011
19	40367862	40711333	0.498600695481181	27	0.147741930617811	0.92096417079921	4002	2.98131986886554	2	1	1	-6.73365536793831
19	40719076	53669653	0.498937837949855	1161	0.087281377683753	1.14031595132676	148733	3.00597278475206	2	1	1	-6.7358711443391
19	53685786	53728160	0.470983002993747	9	0.237094273326971	2.43391944107471	128	8.47195237051401	15	8	7	-6.7334072092283
19	53746800	59073535	0.490268924715402	701	0.0909965050825169	1.13762059247721	65879	2.38666553008946	2	1	1	-6.74153265256705
20	168466	25900273	0.496775831805655	577	0.0911299612531635	1.04405452890227	50987	1.65725930416865	2	1	1	-6.73939027333408
20	29449417	37396120	0.498915084688167	256	0.0936674705368129	1.02951916482016	39529	1.22756112259169	2	1	1	-6.73968935410835
20	37396262	37524559	0.263152328702468	9	0.0895401834063592	2.11984948839664	244	4.32108586925077	12	9	3	-6.73632201398467
20	37534582	62851020	0.498932135217946	835	0.0812031338390023	1.0061404715836	77194	2.01802780200244	2	1	1	-6.75063239636519
21	9590334	11098989	0.330676976845473	72	0.106513562913401	0.939814408026868	1913	2.40904940406502	3	2	1	-6.83508560549188
21	11106702	11181645	0.255344895433671	18	0.134820929408367	4.13132688716581	236	8.075019725104	20	15	5	-6.7338693901593
21	14418486	42749561	0.147463528091025	288	0.076211492104181	1.17684435844235	38221	3.09155607351686	2	2	0	-6.75255750825065
21	42808015	48081921	0.143640209809401	569	0.0748986627776712	0.930477344559675	32153	5.88057760023282	2	2	0	-6.73641726711845
22	16122703	17378562	0.359012849496059	55	0.15037499030902	1.09051789112732	2539	5.51398706254619	3	2	1	-6.73717117462615
22	17446991	20138105	0.476836054565565	280	0.077176597085754	1.03525534335619	18500	6.32521860636375	2	1	1	-6.78666453137406
22	20296671	20713976	0.498248549943919	34	0.163346664485609	2.39107095570488	4215	17.1399851539815	6	3	3	-6.73310639085087
22	20779822	21482553	0.489604764469435	90	0.0859826950333235	1.04964816425297	5909	2.27312544017135	2	1	1	-6.74184316925043
22	21534973	21538503	0.098154376972436	12	0.0896188900541926	36.5155799555509	228	33.5260381002005	13	12	1	-6.73356207644587
22	21567200	21583977	0.407276604049416	11	0.0450090899910027	0.466835368683573	138	0.24778871189401	5	3	2	-7.12293786384595
22	21584144	21666157	0.0450579966893149	9	0.170315149061967	8.59279230953721	173	29.5629238427313	8	8	0	-6.73308973029201
22	21666198	22975007	0.498940696330707	103	0.08828423974008	1.04925851272321	4509	1.67813797984174	2	1	1	-6.73331388424957
22	22976288	22977791	0.105021846605217	9	0.163972897489528	1.20774669531914	31	0.428696792366057	3	3	0	-6.73330994575287
22	22977902	36650956	0.498906304544177	409	0.102042494842254	0.980461840294048	46358	5.22684106850699	2	1	1	-6.73577613770391
22	36651365	36662230	0.498196603383884	9	0.144875904752232	1.31885703739425	266	1.18814604354737	2	1	1	-6.73331120538565
22	36678633	51220938	0.49893577722559	806	0.0833850914175239	1.02461623940099	76248	2.21811671732813	2	1	1	-6.73762854360871
X	229542	37301129	0.494524298719846	324	0.105380033081067	1.19776421704869	48765	9.35519174722868	2	1	1	-6.73748958047353
X	37350971	37669971	0.467701512765831	9	0.209211017874298	1.45729386871187	949	4.24094373317442	9	5	4	-6.74761269609395
X	37932886	51665230	0.49887326035002	169	0.125886928103081	1.09076373375452	37106	2.7393652738028	2	1	1	-6.73324019010786
X	51978671	52654260	-0.00192772499648064	9	0.233696443656676	2.01352566100848	295	5.68480733838273	12	12	0	-6.75467651539335
X	52655542	52825546	0.495745733074471	13	0.01909624744987	1.14106047185111	503	1.33290101991855	2	1	1	-6.76284964316644
X	52853251	53421666	0.497937747771825	9	0.234743477012674	1.0387509326726	2425	5.2560523465388	2	1	1	-6.73309265551982
X	53436232	57515439	0.478627285548055	52	0.0755849062597728	0.965861426837005	10246	1.31120524843848	2	1	1	-6.79762928511927
X	61719542	73641569	0.487065379258182	51	0.183966173361236	1.00796433009455	23057	2.77521026248151	2	1	1	-6.74013383144992
X	73803117	79947121	0.130798173405064	24	0.154656679150294	1.08344373687203	6743	1.64498478875832	2	2	0	-6.735193152674
X	79985641	107402684	0.478817686045222	159	0.10565922235286	1.0010527424662	26583	1.89985367590227	2	1	1	-6.7816777539744
X	107404815	114900283	0.498056056478126	17	0.246770523313605	0.989359671163677	9477	1.22287445936951	2	1	1	-6.75492727718034
X	114938078	134571293	0.494509393745832	118	0.133648601631101	1.05083776815506	26715	3.50381432070765	2	1	1	-6.73464803928192
X	134572198	135292022	0.498620536507139	19	0.199955916194177	0.911074744385594	2347	1.4140238973569	2	1	1	-6.7391375128752
X	135307049	154521993	0.498889975680353	218	0.109720231658487	0.9881172675236	36998	2.87016166379063	2	1	1	-6.7435855055169
X	154522010	155254781	0.39288779891323	31	0.146464102541658	1.47329212158443	1020	1.6598206449118	3	2	1	-6.75080088891801
