chromosome	start.pos	end.pos	Bf	N.BAF	sd.BAF	depth.ratio	N.ratio	sd.ratio	CNt	A	B	LPP
1	14542	12853140	0.498901504330342	561	0.0989079366250531	0.901581885577832	65258	0.637646386096013	2	1	1	-6.92982346599506
1	12853217	13414185	0.498658416556764	73	0.130775962467147	0.592185878179417	2670	0.264749956414359	0	0	0	-6.90063297564779
1	13634982	13716842	0.307341459070226	9	0.110681976852602	0.549991721769797	110	0.334848131460546	1	1	0	-6.7956944375341
1	13716855	16865423	0.498905853487799	251	0.0970463678554959	0.850543988538206	13415	0.523821275146174	2	1	1	-6.90828177491333
1	16865452	17275072	0.496074770118765	268	0.127203597648124	1.06640518706424	7550	0.967664130591161	2	1	1	-6.73468616666726
1	17287414	50792731	0.49893501117808	1255	0.0952746928023568	0.921639916010249	141318	0.575763882140169	2	1	1	-7.11183824346474
1	51121198	52082713	0.497962220818542	9	0.21187188214684	1.06402400221004	1832	0.624419721312207	2	1	1	-6.73878037134638
1	52301757	59042997	0.498898176432116	169	0.0950225537137669	0.990162833416179	17974	0.651912562754451	2	1	1	-6.7340381186131
1	59096222	59096669	0.219554974812867	9	0.0224245649034961	0.913894019686372	47	0.226894279072965	7	6	1	-6.73742034173618
1	59096689	120935661	0.49893570966641	1024	0.0859661610208616	1.03863271702165	105483	0.657276204656077	2	1	1	-6.85412615818514
1	121115761	121483810	0.498169257200371	10	0.163486356889157	1.03620921256906	355	1.88149659920524	2	1	1	-6.73318393545365
1	142620975	248814126	0.332616826346739	3593	0.0899983352966813	1.46358772673017	396595	1.13342183534211	4	3	1	-6.78111166027862
2	41404	87070587	0.498932618645996	1512	0.0797495196059226	1.01308067493549	156924	0.635514445444744	2	1	1	-6.754934336807
2	87073743	92150470	0.498692830657528	142	0.12993896683208	1.09834284366889	6650	1.12660073705684	2	1	1	-6.75413845274593
2	95456661	107032417	0.49891029165359	309	0.0966799279523801	0.979104960895439	40217	0.564489906357495	2	1	1	-6.74279838913202
2	107037587	108455603	0.49843569418131	35	0.166566044135122	1.16645972230096	2174	0.951068177758943	2	1	1	-6.75530336768062
2	108479165	132241452	0.498892071311721	577	0.100513436572144	0.921859068889856	42393	0.555667953022454	2	1	1	-7.02410713280269
2	132241520	242839614	0.498943512706277	2105	0.0839340748197839	1.01666212623128	226783	0.696520606578379	2	1	1	-6.77029909912764
3	1369404	90306640	0.498944384257277	1577	0.0872114502924607	0.928073829036593	180952	0.647385109949566	2	1	1	-7.36971706588466
3	93593119	96533361	0.025330236583577	13	0.196237330147935	1.39170256169094	1533	1.43216340842961	5	5	0	-6.97542055270947
3	97364939	125466636	0.499142641544521	539	0.063388496232148	1.02280199665431	50381	0.764445359303848	2	1	1	-6.74778581556406
3	125475201	125643202	0.498502204620179	25	0.137071003498187	0.704730108605945	307	0.936548226801228	2	1	1	-6.7471406340672
3	125643719	129830425	0.498899702519894	255	0.0945635807506502	0.874961429911377	16298	0.536781383334587	2	1	1	-6.88474008152802
3	129863134	195390454	0.498931346651452	984	0.085671747846959	1.0249853183534	102959	0.828054589691632	2	1	1	-6.76787594649523
3	195391050	195515340	0.498597080060482	108	0.140202919684746	0.956688077994789	2823	0.540217738741598	2	1	1	-6.73359046917885
3	195515387	197942127	0.498860121404901	125	0.107705797010548	0.956204477129654	10399	0.513317615288559	2	1	1	-6.74415309533214
4	60210	49562143	0.498929315992994	1100	0.0876445844007888	1.04599106642097	86644	0.68888651459911	2	1	1	-6.85712706241646
4	52943340	190906025	0.496802315568714	1645	0.0821526100465467	1.05567761453193	169660	0.714392314937822	2	1	1	-7.17607828331836
5	162674	31840805	0.498901245770267	476	0.0925141502020966	1.02030845897585	31829	0.725432575048932	2	1	1	-6.74769536341276
5	32040415	33209282	0.49934322997755	9	0.15301098362899	1.02999762551207	2760	0.767512778314783	2	1	1	-6.73408148555238
5	33441403	45645838	0.498897132179802	282	0.0884056570325166	1.03449985680696	23553	0.637283386819067	2	1	1	-6.75380905962637
5	49694961	174953746	0.498945354171788	2052	0.077645146782347	1.0328618032572	203576	0.700390824260886	2	1	1	-6.88929407418501
5	175394181	175641680	0.498173255181477	12	0.156609217384217	0.789427591685233	358	0.568383307479555	2	1	1	-6.75869797066887
5	175717216	180582980	0.498913758664958	332	0.109615379702206	0.92622881254781	27037	0.614809262674611	2	1	1	-6.77809422161388
6	312023	29795751	0.498921055511881	623	0.088092508710969	1.00664202948331	53238	0.684519161229422	2	1	1	-6.73477985834693
6	29796768	29858213	0.387264762233435	41	0.0727918180875283	0.543018207182633	283	0.266669369519921	3	2	1	-7.09046281324434
6	29858218	29894874	0.283079255669234	15	0.117774522267076	0.714077584622416	61	0.316988021011017	2	2	0	-6.8198253269643
6	29894938	29912669	0.405910937137263	100	0.113699417213755	0.58453168755153	326	0.281221172281711	3	2	1	-6.81316517287824
6	29912754	32441276	0.498915221671589	481	0.0795982380741214	0.834557452865852	31876	0.425448329648885	2	1	1	-6.99544050490701
6	32441396	32552177	0.360676194743517	176	0.141299690604527	0.897418838384231	461	0.476678252541784	1	1	0	-6.77341828706866
6	32552212	32557291	0.498710685073844	13	0.222239879640365	0.0962373076982395	16	0.0499833305546292	0	0	0	-8.92591248157412
6	32557310	32727059	0.353541160345429	113	0.0966140859583248	0.973724767456606	640	0.477484992584671	1	1	0	-6.80379307176361
6	32727082	58447068	0.498928246285534	841	0.086552501877324	0.945503376174435	82127	0.583622976286421	2	1	1	-6.87206501081378
6	58776802	58779097	0.493267269325697	14	0.136270759079928	3.84618876886071	246	2.69497652871847	14	7	7	-6.73449455250812
6	62284045	170949288	0.498939749896817	1744	0.0842554904747671	1.04244005520239	151304	0.706950599461932	2	1	1	-6.95055494695908
7	20860	16640201	0.498897073663899	497	0.109142626091766	1.07055816839261	40388	0.713841437567812	2	1	1	-6.82273593892862
7	16640300	56880276	0.49892912389877	903	0.0812142643476457	1.02153544873465	69424	0.642208663079153	2	1	1	-6.75962303740098
7	56884371	57128878	0.305958182578632	29	0.105565519075757	0.829873281688137	1278	0.333454907083671	1	1	0	-6.77645594449142
7	62574529	63225725	0.494149134605785	62	0.106116128529094	1.05127715445128	2651	0.558494577711455	2	1	1	-6.73798536821849
7	63225780	100550777	0.492493430254407	874	0.0861310684214216	1.03237084678821	97467	0.646310998803308	2	1	1	-6.79154949347891
7	100550786	100554823	0.484038595541356	12	0.110219718579011	1.85484618407416	510	1.10464914672439	19	10	9	-6.73835445547417
7	100606601	100647339	0.498681752206957	40	0.122525099469456	0.741386879356884	3464	0.916334093731198	2	1	1	-6.73570435736407
7	100647376	100647652	0.489422890023327	9	0.197163003628977	0.239321775734303	19	0.109796728719151	0	0	0	-6.74180140478182
7	100647659	151932824	0.498929443620542	1095	0.0918051078012733	0.96649679635005	117523	0.627638989422007	2	1	1	-6.82241453115218
7	151932876	151945204	0.210054533630949	9	0.093424806365571	0.978204044796371	91	0.436127077066338	3	3	0	-6.75053449525837
7	151970856	158937713	0.498815950710972	134	0.113388680784664	1.10623564013394	10302	1.65844364455201	2	1	1	-6.74855106670037
8	194884	6873734	0.498860850715464	175	0.100174282282781	1.02480778993051	7811	0.526847595413525	2	1	1	-6.74177280504586
8	6873859	7752127	0.498440331714252	33	0.150177205932918	0.764909494897833	1407	0.513978390697533	2	1	1	-6.87303492281754
8	7791947	12036013	0.49887873466185	110	0.100347835419577	0.985973384961512	7846	0.618028748194244	2	1	1	-6.73443237846148
8	12036165	12546295	0.31564625813956	58	0.115061271454594	0.767273679372628	1600	0.701231265475093	1	1	0	-6.7414718383816
8	12565926	43828189	0.4989317081573	737	0.0820504860565032	0.994464539732154	63128	1.06889542053676	2	1	1	-6.73363504955969
8	46842290	47783572	0.498633735733149	9	0.166047516626349	1.66811522351007	524	2.67289222837227	4	2	2	-6.73385439108884
8	47886113	143762967	0.498933090956833	1072	0.0861010051108182	1.05006015622537	110039	0.668290242664426	2	1	1	-7.02585457413582
8	143763043	143763757	0.000655326778959214	9	0.253206492368932	0.471613612130831	44	0.234847243546243	19	19	0	-6.79751128166115
8	143782274	146278971	0.498921352714126	279	0.0833058141302538	1.03100761723411	30680	0.639371464262535	2	1	1	-6.73654810811446
9	17517	122459	0.395783059111165	9	0.132566964210545	0.760400200866776	465	0.542507221937785	3	2	1	-6.78649573591195
9	134875	40772563	0.498926884052238	693	0.075426647749661	0.99874693372675	66359	0.65497512427441	2	1	1	-6.73323882097282
9	40784183	46918317	0.4985444613131	36	0.125731750229896	0.898394715710497	2540	0.646577550735962	2	1	1	-6.8324909452989
9	65505560	71849503	0.498641298968274	122	0.127868939102969	1.06696519675564	6834	0.802935432814781	2	1	1	-6.75780994335694
9	71850853	135962585	0.498932297670956	1485	0.0865688270442784	0.942754124622432	156315	0.630715874931879	2	1	1	-7.05151053108565
9	135962591	135996696	0.497782238459721	9	0.199840561448371	0.732596650273913	502	0.408430862352386	2	1	1	-6.74495606400193
9	136062071	141109979	0.498915658108682	653	0.108138281850501	0.89521187924009	42925	0.627829605608671	2	1	1	-6.82577593073177
10	92947	39076281	0.486003066009741	869	0.0898222724246337	1.06679678868377	64777	0.725616629240127	2	1	1	-6.92784140901935
10	42644773	42767439	0.284582252239718	13	0.10321771861409	1.84560764971432	155	1.91050180174697	5	4	1	-6.73316456863139
10	42772365	135440203	0.498939709132382	2291	0.0928905966795192	0.960696178401067	205204	0.581379771882204	2	1	1	-6.98642289470491
11	179241	1090501	0.498881461692663	220	0.111845333668177	0.900783537949437	16145	0.554442798863904	2	1	1	-6.75244194367816
11	1092699	1093512	0.49857411773297	9	0.17150396820806	1.79230904816778	164	0.502518359161463	6	3	3	-6.73309881908455
11	1093710	51527799	0.492587217464299	1428	0.0848370002216049	0.927250412150882	118505	0.597408331245772	2	1	1	-7.18593630337513
11	55061014	67159602	0.49893347505019	706	0.0832845595116698	0.912564448699916	88210	0.663287406923656	2	1	1	-6.86813903982016
11	67159719	89444754	0.498914637965938	602	0.0996515309358985	0.951279340511913	56693	0.594368634214298	2	1	1	-6.82602500387113
11	89486848	89774397	0.319195776218877	21	0.118061263354082	0.723108530861633	1233	0.536589629902535	1	1	0	-6.7375791962803
11	89774448	134243901	0.498930634190462	1142	0.0829427623470295	0.937574837157377	94353	0.541570661322224	2	1	1	-7.08899885518389
12	73658	9441058	0.498908432153757	496	0.0926771099518416	0.956597764313947	42400	0.562677598295565	2	1	1	-6.76784442031397
12	9447484	9875533	0.418708327281253	47	0.101381890377805	0.87941311951038	1892	0.613968941045728	3	2	1	-6.84194576530635
12	10041364	34403034	0.494573595718129	653	0.0908193719980674	1.02911334399132	42514	0.660965023431542	2	1	1	-6.76262254743767
12	39064727	132325239	0.498945691742041	2312	0.0922084349494514	0.958560956185563	250905	0.61267457773444	2	1	1	-6.98875582439395
12	132326051	133202004	0.498675082483299	67	0.135965111456001	1.03821669378451	7201	0.883609332339609	2	1	1	-6.73403399869758
12	133202215	133402839	0.484496469946764	49	0.0735469330464855	0.861505653129731	2884	0.489595566401221	2	1	1	-6.77071079130576
13	19183791	24872034	0.233777266309823	160	0.0745554951384934	1.06394372848894	13165	0.565887797741277	2	2	0	-6.78727865199557
13	24876652	25155781	0.296749174157259	10	0.095847390273404	0.914018965960771	1181	0.396475055376773	1	1	0	-6.84384421882838
13	25157620	43986771	0.498892527611212	332	0.0888115502355801	1.06221779094174	33286	0.66904427891356	2	1	1	-6.82372843509386
13	43990197	44948313	0.498147789553248	9	0.190495260950094	1.16216919898333	804	0.871154569197334	2	1	1	-6.75014973671262
13	45710748	115091399	0.498939907587414	777	0.0798431672160241	1.06782922963111	71074	0.685577737770031	2	1	1	-7.09234781952479
14	19117980	20404735	0.290707138498572	137	0.123769448337534	0.82552823173472	3483	0.562332622554188	1	1	0	-6.81512290227796
14	20502120	65271650	0.498930165232424	911	0.0768313504179103	0.996698133150234	93546	0.66322538715884	2	1	1	-6.73380912307028
14	65289966	66184425	0.497868135282388	9	0.215961223371234	1.04806764184174	1808	1.10331317205029	2	1	1	-6.73406027237125
14	66188882	106780801	0.498942254007945	1031	0.0886454324478634	0.982237918111751	105540	0.727248462966952	2	1	1	-6.74784964398511
14	106877519	107281194	0.49863686815782	15	0.109454404510128	0.762122668340788	166	0.287166727194743	2	1	1	-6.94236774147377
15	20279665	23680221	0.498746139118258	225	0.115800578273908	1.23883848370305	10525	0.859550759885892	4	2	2	-6.83937654793917
15	23680449	69709792	0.498935235541989	1212	0.082881877880571	1.00369566378424	136651	0.61362867734805	2	1	1	-6.7341331503281
15	69715791	102516734	0.49892326010123	1190	0.102219717623001	0.943349246701606	89980	0.679657885195771	2	1	1	-6.87455012088982
16	64637	1273490	0.498908929793166	270	0.0973475033961239	0.934823954232309	17857	0.582025347976514	2	1	1	-6.74281164926919
16	1274826	1306347	0.482502872988928	37	0.155866434312668	0.352974732185854	230	0.200269811169821	0	0	0	-6.79088648186264
16	1306355	32014215	0.498936121560529	1216	0.100150477747015	0.905361158813223	139861	0.552865695318832	2	1	1	-7.27646313418212
16	32163525	34320469	0.332326354406179	189	0.118275360982001	1.07085388447207	4235	1.12162324564892	4	3	1	-6.85217695627928
16	46386298	46434436	0.101440830188467	111	0.164002144369832	2.85387411812274	2935	2.19552543235953	8	8	0	-6.73358926601457
16	46697098	90234376	0.498933789515268	1347	0.0902680769201894	0.921386094819396	133167	0.598881792787638	2	1	1	-7.18535632707298
17	6115	18302981	0.498926305987371	1073	0.0925142141312304	0.891360463800834	107860	0.54229822298104	2	1	1	-7.19010064605517
17	18303681	18445541	0.348059171895183	43	0.165871659817023	0.625354267574377	802	0.318482447405682	1	1	0	-6.7666634504671
17	18528472	20356536	0.499296473489746	84	0.0609908808773968	0.978772420730071	9685	0.641350280218363	2	1	1	-6.73433552436321
17	20358603	22254838	0.498796001725833	94	0.13480162475676	0.826219444120829	4465	0.971071075699102	2	1	1	-6.77672036907681
17	25309196	81052423	0.498943387447009	2757	0.0968768934784686	0.905131929513014	273164	0.583991486956229	2	1	1	-7.57664357688358
18	12976	84841	0.322418089144873	21	0.0608850595482215	0.959599597432316	201	0.670555419037084	1	1	0	-6.74587590134885
18	108404	158917	0.497908400031045	9	0.210421006555904	1.58737025832688	136	1.79350899806602	4	2	2	-6.73311254345628
18	166819	15198279	0.498909795957355	426	0.0914521458127919	1.06866742714046	32023	0.733374797685003	2	1	1	-6.80620462209183
18	18619425	77805949	0.498935201790966	832	0.0837672110082458	1.07979879888688	74743	0.717510714996252	2	1	1	-7.11453490834158
19	312020	20230278	0.498942275151006	2240	0.0934403764913137	0.99413743502481	223250	0.651367978378675	2	1	1	-6.73407629023604
19	20500515	24116274	0.495981892838027	191	0.0802005319420056	1.64986999176452	37562	0.592152586570076	4	2	2	-6.78271328836558
19	28296505	39230748	0.498922903825648	564	0.0915325143824395	0.965831331702209	52826	0.530758209777599	2	1	1	-6.76111094913827
19	39232748	39299680	0.498023151262055	9	0.19884478871723	0.864027151798518	461	0.796368702906257	2	1	1	-6.73444107127207
19	39303434	40366374	0.497029449577572	103	0.0572326617825801	0.949140741763694	10344	0.543955857700413	2	1	1	-6.74050998356325
19	40367046	40408268	0.498591584489379	32	0.15643673035716	0.572427657564643	850	0.387708333082494	0	0	0	-6.73705396759095
19	40408532	54724443	0.488241605629099	1340	0.0979009533601266	0.934762733724816	159076	0.556188629822349	2	1	1	-6.86541217885747
19	54724457	55354288	0.488558392680347	157	0.123208178240597	0.641915457282644	7115	0.448070759726556	0	0	0	-6.8724329149982
19	55354398	59083718	0.498910324454967	362	0.0827069964470405	1.02870702057364	45738	0.58224550828457	2	1	1	-6.73842088118338
20	238507	25900078	0.49889961149927	620	0.0903361070457266	0.99719235401277	49712	0.629097518439567	2	1	1	-6.7334236526949
20	29449333	62920188	0.498921972330295	1115	0.0996551481705341	0.935609459882312	114184	0.695885743380042	2	1	1	-6.91134157012397
21	9590334	11181987	0.35120989406123	128	0.122936790580959	1.01530707309106	2201	0.668396131240911	3	2	1	-6.91469076705959
21	14410455	43221797	0.498902362791594	449	0.0897509358303369	1.06667923448697	40713	0.784048972370041	2	1	1	-6.84810340246287
21	43221983	48083526	0.49890379995013	519	0.104915946889168	0.856160957292	29675	0.619636792756294	2	1	1	-6.91091286435529
22	16123469	16414942	0.328424449872121	30	0.127406309953989	0.73988947821878	1073	0.491695526987319	1	1	0	-6.73307085964263
22	16415321	18778847	0.499083332631522	128	0.0744651793163102	0.926674082338455	7728	0.613607795288908	2	1	1	-6.75487745409793
22	18833817	18898874	0.166503621812126	14	0.135846167846875	0.871368017819362	361	1.04283523616072	4	4	0	-6.7444472908424
22	18905978	21470346	0.498890291186935	211	0.0992856968805441	1.16388188635198	21149	0.770539560306687	2	1	1	-6.79221246587983
22	21482553	21829507	0.244077491477938	31	0.136331663895975	0.92186274305738	1051	0.927596387245215	2	2	0	-6.73465775417261
22	21830934	51220938	0.498932547915777	1506	0.10174951206265	0.904749095607221	122746	0.692997705857154	2	1	1	-7.08005220463296
X	205373	57705777	0.498908554559657	544	0.100534913180849	1.01435529380464	104363	0.682608374789048	2	1	1	-6.7481300985865
X	61687424	65241726	0.498096127286501	9	0.187552733325264	0.878550699923447	3620	1.07796705005052	2	1	1	-6.76369802284951
X	65247101	138727961	0.49890774703119	389	0.0897835396834623	0.968339994627637	98271	0.653192035076082	2	1	1	-6.83813380366127
X	140335883	155252014	0.498811250058464	154	0.118354151968471	0.900833451057095	31113	0.599772840592934	2	1	1	-6.99280163351876
X	155252357	155254781	0.280272412291796	11	0.150771410359584	0.926600135097123	79	0.494724853452072	5	4	1	-6.73573576899827
