chromosome	start.pos	end.pos	Bf	N.BAF	sd.BAF	depth.ratio	N.ratio	sd.ratio	CNt	A	B	LPP
1	14653	12887054	0.498831157477258	610	0.143939580097974	0.923475510849924	40678	1.02232198045474	2	1	1	-6.74814611382666
1	12919350	13645757	0.359679585165614	42	0.183690627975516	0.331935237339224	847	0.238727317143681	0	0	0	-9.19787044572376
1	13802224	17215933	0.498684250867498	336	0.156156977057233	0.926014179461334	12685	1.2430339180214	2	1	1	-6.73546349843138
1	17215982	121129557	0.498902942901023	2562	0.144500721584489	0.985266827267277	193956	0.818853745570804	2	1	1	-6.76836829969665
1	142620975	249230837	0.338432569606119	3339	0.136962408427902	1.39973551430573	271320	1.8929955722672	5	4	1	-6.78325591350422
2	272051	92080389	0.498838572002832	1640	0.145097043529332	1.21224595443146	131075	1.17160153336841	4	2	2	-6.94098256362096
2	95454023	243031275	0.423156222819699	2857	0.144956685788828	1.17699636613347	252236	1.03547668012718	3	2	1	-6.83883106658648
3	361508	89498619	0.498888699040344	1378	0.149396131021005	0.926597104722596	130475	0.920478314895208	2	1	1	-6.84163300957823
3	93593119	125250899	0.498868210999467	524	0.130837868891839	1.03612651850897	41087	0.873346181609975	2	1	1	-6.85226573301563
3	125250956	194325010	0.498885026517824	1346	0.145250693805555	0.982297926373082	88840	0.987262630750999	2	1	1	-6.74465389323353
3	194344526	195798522	0.396524834968686	181	0.164494742714172	0.891176415153186	5064	0.685334589291039	1	1	0	-6.75619969507721
3	195800811	197847604	0.488393851590313	68	0.125912252393869	1.0605870089486	5838	0.83188151763117	2	1	1	-6.75350114855372
4	86836	8242740	0.498866549757697	672	0.154121300724769	0.929902769387518	26589	0.653763669064111	2	1	1	-6.74980135127501
4	8242864	9512477	0.49821465704981	31	0.194488471615666	0.93259920780043	2160	2.88438008392028	2	1	1	-6.73319498606206
4	9514776	49562602	0.498842345391893	397	0.143991775953078	1.0679777345894	32133	0.920621073340958	3	2	1	-6.9887286083379
4	53464640	190906025	0.498881672267637	1637	0.147195745565183	1.02934908800067	131800	0.950516646861217	2	1	1	-7.07828461577857
5	140532	5319335	0.498691411421047	181	0.167712371987335	0.815214271993219	7718	0.596856005260826	1	1	0	-6.96281128955092
5	5436609	43648516	0.498825347551158	496	0.136645345102049	1.00519223327518	34831	1.08801838020902	2	1	1	-6.76323881296777
5	50687007	180710261	0.498900229728579	2288	0.145401095961476	0.994621239662489	168690	0.846905184910768	2	1	1	-6.82312392153316
6	311938	32370835	0.4988774129778	1332	0.138923664415155	0.953251869516974	60295	0.868594149204854	2	1	1	-6.73770542682543
6	32441150	32487583	0.157590450820148	34	0.206890562837185	0.488784521338541	81	0.338909563121651	4	4	0	-7.05344713718115
6	32489640	32629170	0.493125839917435	245	0.148783432441766	0.953155405586685	578	0.77159727611969	2	1	1	-6.73433622759155
6	32629227	32629618	0.00201723472078708	13	0	0.230671514062515	22	0.186291095585302	0	0	0	-Inf
6	32629650	33037580	0.495725962726645	112	0.163414684387172	1.05072968850321	2198	0.609973326911459	2	1	1	-6.7380639184248
6	33037626	58778649	0.498858271607475	782	0.146822333256861	0.966185886389567	57482	0.761280111923081	2	1	1	-6.73306601046813
6	62284141	170892848	0.49889564382723	1581	0.145486424091297	1.02444877151277	115176	0.854695590504681	2	1	1	-7.0241760373693
7	31439	57218114	0.498877070157198	1307	0.15221895200066	0.988338861322524	76261	0.816548047128958	2	1	1	-6.75936134573504
7	57245034	57928976	0.0375773993315892	10	0.172473154110687	1.25312879654521	682	1.13198388761109	11	11	0	-7.03442057596619
7	62575102	159025494	0.49888545170766	2040	0.150078879585231	0.960871157149092	160776	0.825505426180389	2	1	1	-6.73565811654302
8	357362	43127130	0.413908592708488	1090	0.14323915803816	1.16950289203497	63772	0.95976486033431	3	2	1	-6.76144529030577
8	48852225	145979977	0.433394359053152	1356	0.142568005286387	1.22899910155327	107772	1.29405586694017	3	2	1	-6.94617402497811
9	14701	117713	0.195794186592109	10	0.129518081105818	0.630734846587513	157	0.879277497776274	5	5	0	-6.80074897816664
9	117877	46382946	0.498836272831267	699	0.156035388024239	0.929080764325572	50001	0.819855817806577	2	1	1	-6.79577929907894
9	65973404	70938951	0.498405994131762	79	0.181802679342642	0.844978222920016	1846	1.30442255417573	2	1	1	-6.76438023442729
9	70971941	141069978	0.494446281934369	1988	0.151051128322675	0.93589360833319	139504	0.845203895117584	2	1	1	-6.79304457574459
10	94426	39023739	0.498861627108923	770	0.142935077472538	1.04593787296604	48000	1.03295633806864	2	1	1	-6.86766193490306
10	42767319	47623373	0.498851705555452	157	0.136104077606827	0.897159000029831	7698	0.926377045286372	2	1	1	-6.75167521499728
10	47639807	47644781	0.0499847923752424	9	0.179266406346656	0.721172197788553	24	0.31441878458745	19	19	0	-6.83510241919079
10	47663461	135440108	0.498884841442026	1823	0.15706344283426	0.937382998307929	138333	0.764862916301903	2	1	1	-6.81447517677494
11	131128	51527695	0.498885664497376	1654	0.142293828009969	0.909079394352911	93259	0.738380708313617	2	1	1	-6.93607506535757
11	55059717	134237113	0.498892039305867	2356	0.147571156748079	0.925506708663463	166663	0.778611022390722	2	1	1	-6.87474903327922
12	73607	33592250	0.498854317875346	1015	0.149230497780205	0.986353854525486	64593	0.824925564066573	2	1	1	-6.74563537241481
12	37969116	52841765	0.4698249382143	528	0.130538287451172	0.872513854430798	38142	0.685162257199333	2	1	1	-6.9564093691439
12	52842736	52883947	0.498489386240782	29	0.186011023827142	0.415781290367475	359	0.213887222394811	0	0	0	-6.82362560159204
12	52884283	133795960	0.498891807810971	1648	0.150337441092751	0.964013759486712	148542	0.84317584183788	2	1	1	-6.73341237237835
13	19043446	115091073	0.498879169397374	1338	0.147552474810631	1.01114104010009	90046	0.900482642257929	2	1	1	-6.87648713020998
14	19118067	20215501	0.498519292420262	98	0.160605718852897	0.612415841583021	1156	0.638775274072923	0	0	0	-6.73410333068388
14	20215989	74943295	0.49887945697379	1038	0.143204039234395	0.987360807517478	88142	0.931129771641132	2	1	1	-6.75079201131633
14	74943426	75182937	0.498159318503961	25	0.212448425113799	0.893903873871935	1311	0.571359723084599	2	1	1	-6.73573613754639
14	75200697	107281194	0.498868423751258	747	0.153954522589235	0.937263596567083	54183	0.781642735400784	2	1	1	-6.76204702471723
15	20279507	31083250	0.498681830042912	385	0.169913361947146	0.94076265779665	16022	0.719513135000043	2	1	1	-6.74196478257264
15	31083568	102516492	0.498879239286345	1932	0.154337676534739	0.956957583069443	150954	0.830911206596093	2	1	1	-6.73878978190127
16	64458	31993418	0.498869690464416	1387	0.154503744106908	0.898164882963746	99477	0.635602817969685	2	1	1	-6.97578662088241
16	32007326	34740020	0.31796890440401	185	0.154431394607518	0.90548862534628	3146	1.73369510419693	2	2	0	-6.73656962787083
16	46389666	46697098	0.497849208384347	9	0.225309786738171	1.67121898256974	655	5.91208678188185	6	3	3	-6.73308597948104
16	46723598	90237939	0.480951927801519	1394	0.150435754627089	0.894042334847399	88586	0.800659382615988	2	1	1	-6.97847257484679
17	65314	22066914	0.498877586187758	1257	0.154136721607653	0.868646052826094	80090	0.616691048945067	2	1	1	-7.10255907307225
17	25308788	26080095	0.498461616664883	36	0.18172697120541	0.797728255985724	1527	0.798128701489247	2	1	1	-6.75962539304124
17	26081007	43555253	0.498871331359947	786	0.136429075161981	0.923261228234177	73691	0.638937865564571	2	1	1	-6.78567627489117
17	43603206	43686420	0.298636088069336	40	0.133680100354425	0.959111698461013	573	0.750426082136739	3	3	0	-6.75181568382711
17	43861853	81009487	0.494420721573962	1633	0.155195788620744	0.913843836723306	106569	0.724519905727715	2	1	1	-6.8627726370502
18	49125	15005785	0.49881551385929	411	0.151604624828207	0.99243056127637	23358	0.948681065615157	2	1	1	-6.74021272100099
18	19423003	77917479	0.47612229684475	627	0.140016832168968	1.00097727835512	52850	0.908127599944332	2	1	1	-6.80317931669089
19	282234	613709	0.498696135510095	54	0.185451318341211	0.976345899929844	1935	0.803280046997875	2	1	1	-6.73309302310684
19	613898	2978135	0.498879370566794	474	0.134940900648162	1.11220633656918	20554	0.883281257532424	2	1	1	-6.76886688031722
19	2978449	3009870	0.49777688211976	10	0.167785743004451	0.745949514769378	403	0.409646813059974	0	0	0	-6.7364595620157
19	3013616	5696245	0.496592105165935	284	0.148859690724253	1.09748475578021	15467	0.868810509124359	2	1	1	-6.76775946167198
19	5705617	7056571	0.498676721896262	126	0.179513627903774	0.94052061217141	7277	0.609625950483965	2	1	1	-6.73464438600499
19	7083629	13220703	0.49888203327369	521	0.142716922607389	0.886053439358148	46138	0.601152117296043	2	1	1	-6.8085118032738
19	13320002	17316253	0.498692663428722	121	0.18093371158792	0.968393145377669	19867	0.665722952797014	2	1	1	-6.73308888706008
19	17316697	24015878	0.489529100272275	524	0.152343575077033	1.22577088385634	48289	0.75066265633147	4	2	2	-6.76328912067112
19	29698327	43371958	0.498852651477461	586	0.133636792907271	0.913447434486756	59745	0.646921699701645	2	1	1	-6.79423887216667
19	43372568	43382374	0.383770684146872	9	0.150808653597862	0.263249866848434	122	0.114809418372712	1	1	0	-7.23896945718481
19	43382522	54725530	0.498874875433968	1081	0.147537834318005	0.913096255957151	80607	0.624466152740312	2	1	1	-6.78832197061991
19	54725798	54747170	0.25221214652808	46	0.156853216100169	0.464945222264317	318	0.739211745692628	4	4	0	-6.76110528106866
19	54754946	55459156	0.498728960991228	156	0.157908380321256	0.665523572967105	4563	0.56530951696816	0	0	0	-6.73751106024617
19	55481320	59082605	0.498869957999139	344	0.144165888364845	0.903148353983416	28119	0.624925876928436	2	1	1	-6.75815782757622
20	256727	25900379	0.498857812668488	567	0.138887253139731	0.961964556222775	33776	1.10497445175977	2	1	1	-6.73331339034105
20	29449353	62904567	0.498862225068747	947	0.152857408656212	0.937358497643168	75617	0.802219108191387	2	1	1	-6.76157067513373
21	9590334	11181645	0.356125637353487	137	0.161258419320145	0.819228124808386	1631	1.33923903290577	1	1	0	-6.76624004543285
21	14414653	48080896	0.498878364649541	999	0.149066832702633	0.957803331317356	49500	0.921585116830218	2	1	1	-6.73487462779545
22	16122860	18860994	0.456007455409495	55	0.153259457389948	0.847486182140776	5905	1.01991486818809	2	1	1	-6.80908468710826
22	18863383	51136172	0.0964916076375132	107	0.152545497807796	0.955512407344229	91200	1.68234361768876	3	3	0	-7.66750261032325
X	209576	57419814	0.498842552650128	540	0.156709654317153	0.961686010485827	72819	1.13003966621334	2	1	1	-6.73365158544305
X	61999396	155254781	0.49883361816164	651	0.156327427766538	0.926561385069742	96716	0.969350421390992	2	1	1	-6.83577421855092
