chromosome	start.pos	end.pos	Bf	N.BAF	sd.BAF	depth.ratio	N.ratio	sd.ratio	CNt	A	B	LPP
1	14542	16890484	0.496743997564873	860	0.0824315940751024	0.872913511154152	70163	0.240281707240537	2	1	1	-8.93053949361444
1	16890602	17185735	0.347453183109987	123	0.109514845566436	0.99978656995826	3623	0.237382161421766	3	2	1	-7.02997469287222
1	17216080	120468201	0.498944390635257	1927	0.0730900817597453	1.01304486869555	235213	0.261304566558524	2	1	1	-6.88230496197294
1	120539331	121483868	0.282934384091962	16	0.0870216208766534	1.06872699870298	1126	0.246325564772056	3	2	1	-7.75555480663077
1	142713705	144852390	0.286715334364702	50	0.0977132080141071	0.95869269280071	1133	0.330690914524394	2	2	0	-7.74501521189286
1	144852476	144946893	0.446396380364486	113	0.0773644904367047	1.09426621831363	2064	0.239413023057283	2	1	1	-7.01608348646785
1	144951880	149701123	0.440475462935351	215	0.108162947100232	1.03999313238498	10895	0.28802200602086	2	1	1	-6.96187168967221
1	149871539	248814052	0.484183034624679	2638	0.0727003420510511	1.01976241416126	251017	0.258564828956122	2	1	1	-7.08411323141616
2	277314	88004073	0.498938614486666	1343	0.0702733028202198	1.0525688126577	136579	0.274028277801998	2	1	1	-8.16900892458773
2	88037322	92151473	0.498683616228156	102	0.121797775898984	0.952451221213501	3669	0.294195801718892	2	1	1	-6.79997566178008
2	95513630	243031377	0.498941654965371	2584	0.0789416034127875	1.0099717699671	259881	0.272549028125461	2	1	1	-6.84871055598273
3	403288	89528477	0.479875152604125	1390	0.0661106831492829	1.01250621523267	167683	0.253168794047189	2	1	1	-6.91474228791607
3	94226404	194991971	0.498938459118019	1538	0.0718176435378424	1.04488055853769	145459	0.277584104029205	2	1	1	-7.9587838141074
3	195022428	197847604	0.498816147915123	225	0.10473873068903	0.991575246349628	11242	0.274059379070513	2	1	1	-6.73471306222386
4	53618	49553059	0.498923824460274	933	0.0721260612815395	0.978666311541905	70730	0.277358130425931	2	1	1	-6.9071885749712
4	52862020	190947451	0.498940567546009	1513	0.072617579425481	1.05662046614916	135490	0.287957580090065	2	1	1	-8.82916592572819
5	218598	44815358	0.49891287325092	606	0.0831858449624488	1.00650869272014	46656	0.278974890134854	2	1	1	-6.74766538901978
5	49405868	180710469	0.49894462072964	1956	0.074607213467902	1.0466934165808	205435	0.274398069870573	2	1	1	-8.372439950853
6	292658	350829	0.295723008881237	12	0.0531250668448777	1.04989529310911	415	0.194499700354783	4	3	1	-6.94054205113639
6	393175	29523835	0.498929000442361	398	0.0647009562916009	1.10125640186639	42829	0.285134806940568	2	1	1	-8.26618980856671
6	29604124	29911945	0.211039300255573	10	0.0426047728155739	1.07180223153563	1382	0.260675066735997	1	1	0	-7.47183867211067
6	29911970	31323409	0.499079388598418	244	0.0737677593398315	1.02558683810814	12170	0.238832335002242	2	1	1	-6.74260144911633
6	31323810	31334264	0.244725335769871	24	0.0753326920583197	1.34098226671822	153	0.18662666809407	5	4	1	-6.76536629876204
6	31334393	32489650	0.495061803761744	261	0.0733281603351894	1.00292364501918	18241	0.242029993446445	2	1	1	-6.73585196483254
6	32489671	32549631	0.293560496826109	53	0.0825266065202281	1.25500432305341	263	0.380415364825572	4	3	1	-6.75586411124083
6	32549663	32608938	0.227822100239536	25	0.0848783443131011	1.18878043422645	111	0.388657692744402	1	1	0	-6.81836632574706
6	32609593	32632974	0.306861086719501	65	0.0918423398254606	1.01336918197441	249	0.265139804532744	4	3	1	-6.79749557501627
6	32709309	58778967	0.498925344712362	739	0.0670786168556341	1.02455218830951	77254	0.251624381365765	2	1	1	-6.87536941963184
6	62284141	170949288	0.498934649475116	1415	0.071833283919261	1.07185658384905	126245	0.285476569726076	2	1	1	-9.21215044921506
7	31439	6971266	0.231260811565985	285	0.0895663108679855	0.561785923133663	18664	0.164574816214861	1	1	0	-8.9442412661139
7	6974888	57217249	0.236407015665774	913	0.088073916933819	0.679621232669213	50733	0.228290160877213	1	1	0	-7.7088393766901
7	62693547	63209855	0.498406793512804	31	0.153855643834683	0.892273326744479	933	0.351813010124807	2	1	1	-6.76542408284297
7	63209928	158935397	0.347440690208199	1703	0.0807165870663113	1.39309278143021	224201	0.380576412684345	3	2	1	-7.14954277973557
8	193585	11996150	0.498900642699221	392	0.0744678942489048	0.976099784140535	15901	0.263770566176809	2	1	1	-6.79203265172579
8	12030238	12147516	0.276422416040343	14	0.132962214743327	0.888598409895596	393	0.300612794323397	1	1	0	-6.87813078448033
8	12203305	43826853	0.498925109586089	572	0.0722097372127543	1.04064108110463	55598	0.26547268056165	2	1	1	-7.13302125736046
8	46842301	46854233	0.375886988534577	11	0.141417306385939	1.07716897996153	152	0.76976329825123	3	2	1	-6.7345582985457
8	47886113	142476751	0.49094209339029	910	0.0657903251754289	1.09745299813714	88447	0.296208527730647	2	1	1	-9.90253532125856
8	142477490	142490166	0.307573916436472	9	0.08091731033043	0.952524372462154	344	0.201902683987298	4	3	1	-6.8115326950412
8	142504748	146068710	0.483945354133109	319	0.059597692232681	0.798761469771048	28325	0.174819609593883	2	1	1	-9.11047634453852
9	14665	134875	0.311079084488934	18	0.0994393433533023	0.990422735608329	596	0.32423653766311	4	3	1	-6.94426515664954
9	135088	41777436	0.498929172935249	586	0.0648164532029996	1.03922757994419	56557	0.270512962654756	2	1	1	-7.20085545487662
9	41962410	46123841	0.337802653922694	30	0.0985136900457839	0.860080505323537	2092	0.262826162053035	2	1	1	-8.75824846220425
9	65602551	70484451	0.498624415057345	58	0.109976300862327	0.889877840319508	1727	0.417652058179287	2	1	1	-6.95333397674881
9	70709770	127177736	0.4989228542164	898	0.0716573602665342	1.03112953215369	97965	0.267671117257036	2	1	1	-7.14810659684575
9	127244955	141109979	0.498931045410649	826	0.0715455390557586	0.87891077965219	81424	0.228679408295127	2	1	1	-8.63193107501963
10	93816	38910531	0.498936053731832	698	0.069597729256417	1.05405079618074	49604	0.284107941338057	2	1	1	-7.44250518468038
10	38933891	39023648	0.12023891084284	24	0.145816982520228	0.842086936643867	156	0.223373166114353	2	2	0	-6.78962739056984
10	42737726	70508874	0.498915504920931	465	0.0870784688257477	0.989530565244489	37033	0.273417875861643	2	1	1	-6.75760922959283
10	70515909	70587833	0.497983298416847	9	0.204640606375611	1.08549854926555	217	0.442100237535579	2	1	1	-6.73457444966161
10	70645697	135439925	0.496827643305818	1551	0.069730452354222	1.00751403577765	144102	0.257619110876409	2	1	1	-6.76710937402625
11	86996	2444094	0.499000393484673	316	0.0723805897249885	0.795261955836786	23618	0.206431097092289	2	1	1	-8.10626833084747
11	2683252	51516144	0.498923572175499	1063	0.0705394870288909	1.02165550759307	94340	0.256561560298779	2	1	1	-6.93121615512822
11	55035985	134244228	0.498941807566655	1981	0.0725170687435302	0.979701529265515	217247	0.277689968762068	2	1	1	-6.9812488667675
12	73658	90902	0.390251072721493	17	0.0862633195171485	1.63085175366746	295	0.645818691570711	8	5	3	-6.74404770085959
12	176687	34318351	0.470863866596181	1056	0.0782947692255813	1.0396459877608	72459	0.273962110593054	2	1	1	-7.20197096972752
12	37969625	53298835	0.496790028047175	496	0.0630465009833979	1.00049740718473	50331	0.24252853477151	2	1	1	-6.73462682435509
12	53320125	53449735	0.498403274636715	9	0.208394524346917	1.00870439616316	804	0.22201340546595	2	1	1	-6.73318404995605
12	53451952	64217139	0.468495739690261	236	0.0646069615777821	1.01615273129885	43532	0.240348626768962	2	1	1	-6.90106045979878
12	64217379	64803988	0.0341762620760487	14	0.189304162484785	1.01153107258981	995	0.266396330644094	2	2	0	-6.95028178985751
12	64818341	133808275	0.479787784013777	1282	0.0729634248802009	0.996892921681469	126992	0.273647658201367	2	1	1	-6.78399709594032
13	19239231	115047700	0.498931673004167	1002	0.0751674394724309	1.06169883363721	98038	0.279988770830833	2	1	1	-8.6218294679818
14	19118067	20404735	0.364490659120869	66	0.101114937255237	0.87541603879595	2708	0.301012973547649	2	1	1	-7.80084453371941
14	20443872	104193024	0.498940021583693	1463	0.0719344156542524	1.04721525114088	163646	0.268786075452573	2	1	1	-7.93737790275343
14	104193312	106780817	0.478793850977901	186	0.0653343928025882	0.791143475932657	13278	0.236326119205527	2	1	1	-8.02886395916236
15	20353473	23603641	0.498815835588746	188	0.109992508329997	0.910659101863097	7762	0.338398526852198	2	1	1	-6.87859532342349
15	23685126	102516492	0.477672655036868	1923	0.0828996733916865	1.01699170979563	195728	0.264519747170617	2	1	1	-6.96272273604208
16	66488	1538181	0.49668337712112	271	0.0847616505622721	0.765472075875473	17810	0.205060880665493	2	1	1	-7.95015187596886
16	1538263	14968859	0.498933253926214	476	0.0664611930810643	0.894856796841853	51332	0.237458227594496	2	1	1	-8.1200091797388
16	14972670	15116400	0.289147020774302	16	0.0724945974998597	0.892598561403855	1566	0.232525356008155	1	1	0	-7.25518852815731
16	15116521	33544587	0.468407356952511	596	0.0828625741876506	0.936323670257606	69422	0.24704463554406	2	1	1	-7.51529592450182
16	46386883	46427090	0.407257858042442	81	0.129678371127461	0.838876368069628	1834	0.289928930563786	3	2	1	-6.84545998209505
16	46427145	90234090	0.498930349678943	1333	0.0759263121809596	0.951951612701626	122417	0.246651160215837	2	1	1	-7.63097273477226
17	30864	21904121	0.469048979688164	1050	0.0717920730522777	0.957240609311024	109489	0.235937861920782	2	1	1	-7.26162719717606
17	21906262	22261659	0.354234553095572	11	0.165518029778687	1.24866966260688	224	0.555480553592655	3	2	1	-6.74292852360994
17	25309196	35999301	0.498919007308791	285	0.0761650344868237	0.988028503465212	40185	0.2441856264854	2	1	1	-6.74865712492221
17	36104904	36398089	0.405212350344565	15	0.12306471390908	0.919985364625712	484	0.289763187222785	3	2	1	-7.07402790442429
17	36499795	81052423	0.494690699485601	1737	0.0689781462174671	0.948527150864706	200546	0.245943801509708	2	1	1	-7.7695509562782
18	47858	108459	0.336697667340855	16	0.094645214705587	1.37453872535453	210	0.536148775698779	6	4	2	-6.79243587582747
18	118580	15005785	0.498900613301764	325	0.0824929991561804	1.04307662694914	23987	0.285427322591376	2	1	1	-6.92226797837491
18	19209200	77917450	0.488082449962825	660	0.0720428204257238	1.06556101563832	62304	0.280066641815553	2	1	1	-8.16699732139116
19	156343	20808515	0.498940444567853	1820	0.0768738746834579	0.816962642364475	164899	0.202831581936214	2	1	1	-11.6222287036024
19	20882976	24345092	0.498664011287963	45	0.118795652574945	0.787707645179157	6758	0.241105160042948	2	1	1	-8.28617341027088
19	29703701	40366374	0.498934932178124	578	0.0682274767151484	0.876211975850935	49482	0.214528013263465	2	1	1	-8.51135049847157
19	40366716	41055363	0.4987728276477	42	0.131145309998089	0.830035418596991	6178	0.201659061439069	2	1	1	-7.06637607796305
19	41076749	43343882	0.462587142666123	151	0.0562131327306238	0.900625369382909	18601	0.202487205130216	2	1	1	-7.33061464094818
19	43347666	43372732	0.345534999844619	25	0.107770203055699	0.826902382183361	319	0.202698853913999	3	2	1	-6.85140256976137
19	43382368	55224692	0.498922239453433	1083	0.0768789207356685	0.870726484454504	95431	0.210357722617034	2	1	1	-8.85032182357866
19	55266447	55271967	0.291076344263616	14	0.0719782094620492	0.936736685350776	95	0.256535985308336	4	3	1	-6.75192191287167
19	55271998	59082605	0.498921765407181	436	0.0748151349204183	0.884780071806749	34459	0.209037892908535	2	1	1	-7.42952195626585
20	76962	23669630	0.488079587536588	495	0.0720558212024341	1.00519640221833	40191	0.256424690064869	2	1	1	-6.75523212266425
20	23729486	23805720	0.498252859176319	9	0.173466855623776	1.04049021545399	96	0.395574037694899	2	1	1	-6.73355158188307
20	23805832	25900162	0.48632949942737	76	0.062033533659188	0.965974195074792	4279	0.245277514220267	2	1	1	-6.78692404454945
20	29449333	29626127	0.297507683566575	17	0.0949348848050135	0.986507141790853	134	0.290485965052904	4	3	1	-7.0847263220011
20	29847211	62715548	0.498929303016524	901	0.0730400580852086	0.979090417988767	104088	0.247684706820379	2	1	1	-6.87309023471738
20	62720046	62904542	0.499017643781246	9	0.126472768259065	0.923652669002775	1000	0.223126398962368	2	1	1	-6.74705005225607
21	9590334	11039394	0.436518161682929	40	0.114775097808379	0.816579199839565	1071	0.272810259308335	2	1	1	-7.35605782701736
21	11047308	11181645	0.46914844459576	28	0.129072392631742	0.859717255278183	322	0.251163541081749	2	1	1	-6.79615744431
21	14424012	47977362	0.498927057442394	780	0.0681346007002333	1.00776852396851	61045	0.281795208464195	2	1	1	-6.74840782295966
22	16123469	51207860	0.492571087847075	1490	0.0798261061438519	0.922468561518874	137173	0.235417412827976	2	1	1	-8.54154448953409
X	200860	57705777	0.492318363181851	499	0.0834709620275146	0.989502122976741	84346	0.258568017890777	2	1	1	-6.79480621956442
X	61687558	134571293	0.498900727556875	349	0.09311244781773	0.985385090276753	78762	0.248432435099123	2	1	1	-6.88246108154741
X	134748992	134847207	0.152789583617283	10	0.115005120658942	0.977554720933768	57	0.190266351363432	2	2	0	-6.73421986039504
X	134847403	155215112	0.499002639891413	223	0.0767728618358527	0.900760839526549	34687	0.230952504158971	2	1	1	-8.55244229368561
X	155215140	155253904	0.283744129889357	16	0.117816930730123	1.27497110053515	412	0.380302833625707	4	3	1	-6.75095723411049
