chromosome	start.pos	end.pos	Bf	N.BAF	sd.BAF	depth.ratio	N.ratio	sd.ratio	CNt	A	B	LPP
1	14653	11595293	0.498891378720678	616	0.11327723448468	1.04740867154951	44332	0.693300262547528	2	1	1	-6.82813946835756
1	11595331	121129557	0.498912420410308	2848	0.12533808090563	0.94486699199557	236984	0.687573309170094	2	1	1	-6.7954617412291
1	142620975	248814126	0.359119237062398	3163	0.11890667431021	1.30759311465486	292112	1.48467557190136	4	3	1	-6.7365494935385
2	672976	91873133	0.49889448249245	1418	0.13393067681613	0.971784129390567	127762	0.628780242283513	2	1	1	-6.73945339459674
2	91873624	92080686	0.498242993310468	34	0.183466083845403	0.8588019244892	734	0.610006082689125	2	1	1	-6.73763615777756
2	95513630	242839614	0.498918741242794	2506	0.124947940516542	0.962936879905509	249325	0.642665440987909	2	1	1	-6.7342576314699
3	361508	88999967	0.498908473141329	1490	0.120918291895823	0.922423815036021	142087	0.605909814596728	2	1	1	-7.01693819852774
3	97365038	125752293	0.498886004204663	618	0.126062548576859	0.986739907230525	42778	0.625976184474818	2	1	1	-6.75416928114016
3	125775061	125833260	0.497801789470909	9	0.185934875098185	0.483892824294586	152	0.246993397063059	0	0	0	-6.76705171687363
3	125850434	197762623	0.49890060110163	1276	0.122291616790181	0.974927739986359	104729	0.652486731622862	2	1	1	-6.74324483301472
4	155655	49562241	0.498897928620083	954	0.116916702285882	1.06023775039898	68067	0.667532156287089	2	1	1	-7.26893607316587
4	52927113	103533821	0.498887533235102	732	0.118023423489986	0.983342934578231	60699	0.739267569616335	2	1	1	-6.75228160902016
4	103553090	103722487	0.498211357831646	23	0.176608609049825	0.929388155220398	623	0.530174923803884	2	1	1	-6.73360822369802
4	103748797	190947451	0.498884307959056	942	0.120070074807502	0.992087724726235	79048	0.596776262434833	2	1	1	-6.8419562561305
5	169301	749041	0.496313426351832	89	0.105863060069279	0.899944458335481	2780	0.568308223471437	2	1	1	-6.73903085099324
5	749059	767706	0.230771613217333	9	0.137568871640515	0.735949601368276	149	0.790073048121296	4	4	0	-6.73967381961116
5	770092	44809162	0.498887191077867	629	0.122971960730814	0.996030923692034	43105	0.65954550779093	2	1	1	-6.79252617551129
5	49928997	180710363	0.498916151993315	2118	0.118370928285136	0.993020600432054	186356	0.643720653057189	2	1	1	-6.8821800357065
6	312023	32489964	0.498876213510224	1429	0.120919477650832	0.965998392178592	69723	0.67604688030389	2	1	1	-6.73311016226957
6	32489980	32497847	0.0969806437541612	9	0.0691708834056	0.22815870334944	13	0.136863398115017	11	11	0	-7.99968942336433
6	32497863	32552171	0.468048163267982	102	0.130950406747644	0.805146294254482	231	0.559414246974166	2	1	1	-6.77196130791073
6	32557240	32557329	0.0432470475931257	10	0.0623499086696293	0.116881723297479	12	0.0576254888890061	20	20	0	-7.08588947861429
6	32557356	32610196	0.322459356969105	56	0.12400775923566	0.719726565038357	134	0.390600608299169	2	2	0	-6.7511090736072
6	32610201	32629394	0.256371031532943	75	0.12995579012644	0.693366517836845	123	0.34937735576114	3	3	0	-6.76396536182205
6	32629650	33037412	0.498639665943387	120	0.129791390207474	0.965521273173024	2470	0.488007516532717	2	1	1	-6.73309574408342
6	33037419	58776965	0.494469869720137	815	0.123445785772509	0.925475940388391	62829	0.60785879147867	2	1	1	-6.80717856289996
6	62887031	170949288	0.498896371813576	1434	0.120868425595612	0.993716020846556	123013	0.664449321531207	2	1	1	-6.85503451091138
7	31439	57927918	0.498894080169302	1208	0.129303889844141	1.02848171995767	86976	0.651315728673603	2	1	1	-7.04632567004232
7	61822070	100552733	0.498883406644906	763	0.123269646064263	1.03436018838437	77669	0.659156138109014	2	1	1	-6.97884470768814
7	100553306	100554823	-0.00319841251747544	9	0	0.0912923904093517	11	0.0156018646904202	0	0	0	-Inf
7	100555733	158937585	0.498903861108397	1220	0.124227350698525	0.963870254431405	103297	0.672357607449355	2	1	1	-6.73322451981026
8	196274	43367784	0.498892706352242	938	0.12923639645093	0.944884534448592	64413	0.699632265788686	2	1	1	-6.75693410100092
8	47491073	143922620	0.49889315711302	1137	0.122833425430137	0.997645113965327	90778	0.633893870188862	2	1	1	-6.88645338600626
8	143928233	143957979	0.498008573499206	13	0.220921380609158	0.702248066627999	115	0.389667644768077	0	0	0	-6.73501072224867
8	143958427	146220446	0.498928343203195	301	0.0830821829584324	1.19739536327796	23609	0.647010049450074	4	2	2	-6.76039853717384
9	14710	39133168	0.498870195895695	596	0.130706229039553	0.955909465041321	52475	0.693700871239213	2	1	1	-6.73763746860738
9	39140800	46912964	0.49851078207918	57	0.164621906745278	0.677643363051208	2325	0.439570334292476	0	0	0	-6.93307070895176
9	65602551	71007438	0.49848396589306	78	0.152591006674756	0.812109324920938	2585	0.648578518375075	2	1	1	-6.95464463444842
9	71114312	138852687	0.498902932296854	1662	0.124961772439049	0.932295197747564	136416	0.65754393218052	2	1	1	-6.84411447624226
9	138852789	140685607	0.498911381973403	294	0.105910158528596	1.15651340320124	21804	0.697745252413406	4	2	2	-6.76911259380818
9	140693181	141109979	0.407257995065818	15	0.159885077775376	1.03919137258527	1436	0.761403816801546	3	2	1	-6.74301203077525
10	93816	39023734	0.4988813466256	807	0.122820085128905	1.01846537191835	51741	0.724459950531522	2	1	1	-6.8588081569195
10	42644803	71665421	0.498831775571289	620	0.128781344724595	0.917346748483986	39313	0.687596256075803	2	1	1	-6.82684170596871
10	71665676	135211818	0.321180058025244	1424	0.122312051121685	0.960696809395202	122530	0.605282149168423	2	2	0	-6.73536433795363
11	179599	51527239	0.496730466884502	1606	0.111134995082457	0.967389017056453	108272	0.608624829132775	2	1	1	-6.73397435211947
11	55033084	134251777	0.498913678424364	1886	0.126321585067988	0.942002361477903	189669	0.589106085290484	2	1	1	-6.81307965623748
12	73896	34403122	0.49888366814677	1068	0.119204818820531	0.95998281441864	69897	0.614202587290039	2	1	1	-6.73468807724726
12	37969194	133796033	0.498912039714011	2133	0.122488520638825	0.953343744895111	207669	0.638194159167931	2	1	1	-6.75457834879251
13	19239360	101735211	0.498879126191524	1026	0.121930065605608	1.00509987660925	77643	0.67881196835883	2	1	1	-6.90432094727742
13	101763706	114843588	0.345658869418524	235	0.117098865412003	1.03018853587728	18175	0.67984915915626	2	2	0	-6.83293668208151
14	19114712	20215501	0.49855863125236	87	0.150652157105446	0.594600066584377	1534	0.422631011704279	0	0	0	-6.73846521309541
14	20215989	107083740	0.498915213784967	1821	0.118134789246093	0.983438053791531	160020	0.6818902058305	2	1	1	-6.77208874364247
15	20279171	31115709	0.498737558042574	395	0.149209946974186	1.04113331413293	19901	1.02130976174498	2	1	1	-6.76860652912242
15	31115853	102516492	0.498897353759252	1930	0.124659289427407	0.946520366006218	165228	0.615917415048867	2	1	1	-6.77591651173951
16	66888	333030	0.489606527069931	24	0.181289803225728	1.04909965006913	2633	0.642591317071821	2	1	1	-6.73768648099684
16	334543	1291622	0.49887544474922	132	0.0795467159940955	1.17925582082188	11664	0.620749083760996	4	2	2	-6.75022217992742
16	1395611	1576436	0.497924694648532	10	0.144223591844207	1.1359839996273	3262	0.545483097494442	4	2	2	-6.7407650712367
16	1584446	32007326	0.49890122357786	1092	0.124464941853331	0.962717545472369	104502	0.6234897972268	2	1	1	-6.73338879912449
16	32096179	34338637	0.29263821529902	159	0.136832563616002	0.858234857776917	3194	0.720797957280486	2	2	0	-6.79244534114652
16	47001626	90244341	0.498897855384545	1427	0.124047893521375	0.94061064194402	101762	0.602594692037382	2	1	1	-6.78030095678304
17	6115	22066914	0.498902892457555	1171	0.125559382655856	0.896187255235704	93352	0.550898201377964	2	1	1	-6.96401303465136
17	25308788	43662184	0.492197123520021	778	0.134893989376873	0.897425772332531	86226	0.556256832823159	2	1	1	-6.91800364134681
17	43662252	44345063	0.498506875785397	32	0.125179383383182	0.957536159385296	1779	0.615277170803414	2	1	1	-6.73318392628443
17	44345080	44771859	0.365953986147784	34	0.148561900048995	0.715726179254801	938	0.583050886590968	1	1	0	-6.75663850757223
17	44782279	76400268	0.498892296288104	963	0.125597583636854	0.927360284195495	93008	0.592000314667015	2	1	1	-6.81844576215646
17	76400329	76425491	0.498399563444189	19	0.203274639213475	0.548556126417366	186	0.276835075756029	0	0	0	-6.73584414245808
17	76433685	81052423	0.498903817516264	443	0.11741557877199	1.03974963371828	29005	0.66783472844391	2	1	1	-6.76727677420461
18	47858	15197704	0.498852523387877	407	0.127501110368993	1.0113832613696	25736	0.71864440183134	2	1	1	-6.771277158093
18	18983766	77894844	0.498885694330085	655	0.11969250346129	1.00866194025713	58871	0.679420037938721	2	1	1	-6.87804135406135
19	111584	24346233	0.498924947187253	2106	0.114997022477393	1.14316688288296	199808	0.707266436650587	3	2	1	-6.97959511925748
19	30017670	55588006	0.498913973343363	1912	0.120901332855858	0.942593068457098	178491	0.567961171078169	2	1	1	-6.75968436966018
19	55589544	55857777	0.497737222350214	9	0.191427604534398	0.916869631464881	3800	0.533264815956951	2	1	1	-6.73460687938063
19	55865350	59074653	0.498901098518276	267	0.113262511809252	1.04537480427593	29611	0.617289741770156	2	1	1	-6.76508842938085
20	238507	25900273	0.498886408742158	611	0.120553908458072	0.971921573207156	38135	0.639446378036532	2	1	1	-6.73489190769645
20	29449353	29862375	0.498303666615986	32	0.177371804570094	1.10658416908193	270	0.588697820440862	2	1	1	-6.74641594225354
20	29872796	62959306	0.498910184894989	995	0.128859352528612	0.982743054755962	88276	0.684622770460187	2	1	1	-6.74677722245584
21	9590334	11181645	0.349766351402477	103	0.146101473593977	0.856596944113115	1900	0.624928004865084	2	2	0	-6.79246920032228
21	14414653	45726790	0.498881872071628	518	0.128650607467743	1.00405745592141	42144	0.702670384671539	2	1	1	-6.79176164147955
21	45732116	48074736	0.48918309836859	165	0.0830224771210609	1.05572149409511	13646	0.686358937584843	2	1	1	-6.76707734912129
22	16123469	50581391	0.498884463120767	1494	0.135314162970481	0.932848372623879	107355	0.614386716659239	2	1	1	-6.79608004229256
22	50584261	51143309	0.498904641996697	129	0.076466929157937	1.11478104312178	7993	0.775112738063739	2	1	1	-6.74471942784198
22	51178090	51220938	0.497895657807256	9	0.186089210983454	1.03138696481481	334	0.607356284511798	2	1	1	-6.73341297624126
X	201170	57705777	0.498824633501336	484	0.129302213580837	0.841529840541036	75196	0.589276629431794	1	1	0	-7.48109241202483
X	63264950	155255094	0.482519605830618	669	0.12909943367648	0.828936923817822	100346	0.527797185524658	1	1	0	-7.42142212899044
