chromosome	start.pos	end.pos	Bf	N.BAF	sd.BAF	depth.ratio	N.ratio	sd.ratio	CNt	A	B	LPP
1	13116	16817677	0.498895406622022	1034	0.151126946587445	0.938979928803738	81023	3.87756835023349	2	1	1	-6.7333941102246
1	16840557	16918611	0.498419883306148	60	0.170465493467965	0.501517255133255	1018	0.410519103942108	2	1	1	-6.84805020410995
1	16918888	17216233	0.340928187503612	188	0.135647654013504	0.896615919526454	3411	1.53018904236383	3	2	1	-6.75119167448525
1	17231256	17231639	0.0163234919251894	25	0.0601807555065017	0.212747408404079	33	0.119473331308453	7	7	0	-6.86354081893311
1	17248500	32256086	0.498904376890239	802	0.147812449973975	0.902727751598412	67611	2.58237982008081	2	1	1	-6.73818788554634
1	32260034	33476143	0.497891360260297	12	0.20734093940058	0.883762501048254	7204	1.87635336385293	2	1	1	-6.7345146494469
1	33476239	121280118	0.498930145169544	1940	0.144125016220682	0.967770403044203	206183	3.77713208753481	2	1	1	-6.73329548766361
1	142620975	143401683	0.498003152347279	21	0.210174190794661	0.57694484318448	395	0.482418175229023	2	1	1	-7.2144220440246
1	143744160	144852321	0.266705964344008	57	0.146257217117301	0.688642129792226	1171	0.446590513726279	1	1	0	-7.25572358955057
1	144852390	145209819	0.456936746400672	178	0.125397090852263	0.951057200875909	3092	0.40300741466149	2	1	1	-6.80308718812085
1	145209869	146399941	0.495380964057572	100	0.170664476785193	0.779228344770479	5479	0.472904274143163	2	1	1	-6.86947537967126
1	146409969	147561430	0.498782852018246	101	0.14545503405071	0.810535013577494	3252	0.643984768825292	2	1	1	-6.78047894401828
1	147595076	148009055	0.154600305121431	16	0.0947329360184021	0.567319571108533	282	0.374975977810962	1	1	0	-6.73898508694845
1	148009510	149692980	0.498524943303789	121	0.166796315964363	0.663026347161403	3392	0.834250842767705	2	1	1	-6.92570333341228
1	149693074	168025538	0.498917531435506	975	0.133962353192488	0.868980649081834	102250	1.61308061407754	2	1	1	-6.77482630923835
1	168025664	168513438	0.497902825576499	10	0.189294010000904	1.03511229582747	1408	3.30218075452368	2	1	1	-6.73325517646019
1	168545864	238090514	0.498927631421135	1747	0.137228707869548	0.931373243512142	172950	2.25500024879047	2	1	1	-6.74063842168637
1	238654880	240307389	0.497860525626868	9	0.222808836848492	0.768896720938663	551	0.418385050892234	2	1	1	-7.00023687963111
1	240307892	246785113	0.000285863465060099	121	0.139705869696116	0.969377201982868	9500	0.963089381174783	2	2	0	-6.94629515326364
1	246795463	246972927	0.497983713241684	11	0.214159795904409	0.92903565100906	948	0.453379040322816	2	1	1	-6.73364386990377
1	246978504	247593037	0.145016933959486	32	0.151766679478731	0.953028641871505	3572	0.875158911329559	2	2	0	-6.82544961479936
1	247597161	247614617	0.497640719903526	9	0.150931919899153	0.75721107713396	164	0.343916954967055	2	1	1	-6.73816335049811
1	247614896	249149486	0.498809622700014	74	0.135626728206222	0.867741831706237	4692	11.8889710530815	2	1	1	-6.73314260654741
2	224919	89102315	0.498928735417681	1724	0.148433368580095	1.11950568387087	183872	1.65511542817166	2	1	1	-7.16032534548121
2	89104710	92081640	0.344128563553671	125	0.151340893989524	0.82033580879532	1950	0.655126716859272	2	1	1	-7.41152551526554
2	95513630	112622642	0.49450607379648	511	0.138681839915898	1.10982800757063	54570	2.78662696027983	2	1	1	-6.76160099293285
2	112637867	113819451	0.0769609935893802	23	0.196745084966558	1.15184057409015	5781	1.13409149577187	2	2	0	-6.75224631476775
2	113819536	132182592	0.49886414573101	285	0.146297151411078	1.06384525734327	30912	5.76318569944283	2	1	1	-6.7365550347662
2	132199903	132202050	0.498266248594561	21	0.179103973527483	0.392309784679339	104	0.187573855755426	0	0	0	-6.76111190196322
2	132202278	132269570	0.215279998964195	51	0.0967440569183431	0.838257912518628	1001	0.487581164408669	5	4	1	-6.88435667170407
2	132272149	132274113	0.49808547556822	11	0.171605838001985	0.728221245039343	72	0.434659098698483	2	1	1	-6.73358105231125
2	132274474	187698751	0.479526062863997	960	0.131822114408254	1.11261762888127	108534	2.65401251532897	2	1	1	-6.84834799294996
2	187712724	189917239	0.498345205335356	14	0.216797938536892	1.14783391598587	2325	1.03080156357642	2	1	1	-6.77250136568389
2	189918337	203990789	0.498870146645892	292	0.153756746455074	1.14866375420931	34784	1.9863342316169	2	1	1	-6.8010819643233
2	203995405	204193457	0.320224895299775	14	0.184360611750003	1.20068865692856	1393	0.602206825075423	3	2	1	-6.75734189149573
2	204305093	207101213	0.45906255748117	35	0.0609604224824902	1.07041377943915	3871	0.477930419000811	2	1	1	-7.07771596205336
2	207101446	207530888	0.498262910859985	11	0.223560648675843	1.01851550853497	1787	3.70498851918024	2	1	1	-6.73313138843581
2	207572133	214973011	0.485840599969806	91	0.0844648788012849	1.09834385282339	12549	0.570446177628012	2	1	1	-6.98707949169726
2	215145765	216285729	0.498680365500888	33	0.189250960727716	1.1127217453767	3764	0.508034720944871	2	1	1	-6.79017332232241
2	216287097	231438388	0.498902094587297	386	0.129909374549549	1.01102936210026	42380	2.94961763655792	2	1	1	-6.73586068351702
2	231438421	231738509	0.331395310268877	9	0.141112642161423	0.986596055602018	316	0.623307548397652	3	2	1	-6.79459049960018
2	231740276	242839615	0.49890914344882	360	0.138453720785838	1.04559105793865	44522	3.01899774085852	2	1	1	-6.73837636973564
3	384918	11880816	0.498874874742153	251	0.143902312593374	0.924101502476418	20362	3.78626437674803	2	1	1	-6.73376968698334
3	11912965	12617996	0.498260874661478	30	0.204215335977188	0.830972967814298	2082	1.19134939294931	2	1	1	-6.73928652169031
3	12618269	46016851	0.494558597212006	683	0.131930250532991	0.897843068611253	69084	1.3799391517304	2	1	1	-6.78100686532451
3	46016944	46399798	0.497770848225976	9	0.221316515425307	0.744422968255261	568	0.275235566889248	2	1	1	-6.9232564665748
3	46401032	47162661	0.476701443014068	73	0.109427592595784	0.832506469713504	5610	0.998632120488241	2	1	1	-6.76941189411891
3	47205582	47422152	0.462894903639934	10	0.202423538376566	0.854013475315762	821	1.13295639918091	2	1	1	-6.75451060997821
3	47451411	53779825	0.498913260842257	134	0.0951287077964404	0.859850550996394	55274	1.41654457411356	2	1	1	-6.75604088000816
3	53780081	90306640	0.498889442815117	295	0.135873882370848	0.980509957183252	35596	3.62355400483723	2	1	1	-6.73380695550917
3	93593119	131068509	0.498911595761466	888	0.147177560601773	0.930928529738399	78485	1.44771502218043	2	1	1	-6.74327131869763
3	131080961	131254432	0.497633751204416	9	0.153644882765421	0.931584298998109	511	0.432369480535873	2	1	1	-6.73367875608215
3	131271180	195102787	0.498920191736869	1145	0.14089301940447	0.96523801002538	105043	0.964761613772162	2	1	1	-6.73422859937824
3	195295661	195717422	0.498696541787746	139	0.174184285638405	0.840875761187042	5040	0.611011686270119	2	1	1	-6.7449600031619
3	195779155	197894720	0.498868893103676	106	0.144362275462876	0.971907167859517	8819	1.15823467006861	2	1	1	-6.73320747796827
4	420900	39921942	0.498911423391228	1022	0.148397542017436	0.959935852631225	70260	2.59538091319923	2	1	1	-6.73306213653984
4	39928382	40022837	0.49775217125733	9	0.143223601407031	0.676063077038788	136	0.486677025082261	2	1	1	-6.76247410156419
4	40023119	49039958	0.498869071083133	109	0.122166562713338	1.03515988636623	13931	1.08473773811494	2	1	1	-6.75900780189242
4	49063872	49562208	0.497625795727628	9	0.165413706942455	0.478784794618682	133	0.403850060239144	2	1	1	-7.51067857366993
4	52710114	170987636	0.498919791643558	1820	0.144044445535498	0.951562580481856	159532	1.33817637360588	2	1	1	-6.73623691454731
4	170994662	175604256	0.498420384969092	26	0.189034241912371	1.03334095112163	2098	0.702484895213192	2	1	1	-6.76319380551378
4	175649861	190904414	0.498894503132072	254	0.132151394203806	0.945235021200202	17582	1.78963403022175	2	1	1	-6.73376912066943
5	162674	7296210	0.498831428622918	242	0.145224634935304	0.963196204154811	14035	5.26716708453054	2	1	1	-6.73307015312863
5	7296542	7301826	0.253868423481397	24	0.13102049292083	0.758957555770651	133	0.41758886099114	4	3	1	-6.75887935189409
5	7302009	43704556	0.498900037802367	507	0.146906322545169	0.935220171511675	44547	2.16498111720068	2	1	1	-6.73627855551181
5	49929456	145108359	0.498921247039381	1679	0.144814137706583	1.02916144460152	163535	2.06735929583477	2	1	1	-6.7968155437018
5	145108829	147204494	0.498705095287746	30	0.200653876516053	0.969547714240712	5078	0.957371656590497	2	1	1	-6.73318574652057
5	147302387	149245754	0.494501962111415	149	0.131990858411307	0.882701931280328	6613	0.537279853315251	2	1	1	-6.76248355861686
5	149247637	149398480	0.497855727598806	9	0.229808313842452	0.815968476782037	971	0.322926609498922	2	1	1	-6.75596339452998
5	149404179	168180081	0.498900088348874	311	0.117492301045199	0.862932068343425	28629	2.51994026207022	2	1	1	-6.75321991914689
5	168180670	180486841	0.498906204603596	445	0.138916200386531	0.950497158726235	37642	4.77031454108748	2	1	1	-6.7330998321991
5	180487085	180687907	0.498051504527082	12	0.234148683661912	0.915246787481069	1458	0.78601303309051	2	1	1	-6.7335180221233
6	304890	349343	0.458073463271395	11	0.180528869511978	0.776076656080306	250	0.321543806780219	2	1	1	-6.77687827626132
6	556106	7303952	0.0863797555610154	159	0.0486258975013304	1.08886442393299	10572	4.06811763917073	2	2	0	-6.73738397789962
6	7309978	7845244	0.0913661580219067	9	0.163610818713189	0.939813392039697	2552	3.25834470493322	2	2	0	-6.73395181748093
6	7862631	26413975	0.083365657339755	403	0.0738255506611521	0.974944022356909	27483	2.11312616471781	2	2	0	-6.73390903651103
6	26414060	26423317	0.498087263835583	9	0.163159005608367	0.245834879972078	34	0.178342717196928	0	0	0	-6.76226196886222
6	26426487	29797782	0.0676055162631906	117	0.0506580365166221	0.815114642607472	11444	0.341486974976265	2	2	0	-7.23524284736768
6	29797933	29894243	0.0971116171132441	16	0.115936117467049	0.337800611589418	149	0.237180919341985	1	1	0	-7.08939460363167
6	29894389	29895913	0.0429228577876068	15	0.0292302843607366	0.289831622995715	51	0.216908998719486	4	4	0	-6.80420318896442
6	29895929	29897350	0.218596602171942	9	0.183697063425388	0.0909816374535985	26	0.150390097873702	1	1	0	-6.94943949842156
6	29901783	29911827	0.0878608672010338	47	0.0438300793484244	0.798010998706322	168	0.370997049593332	2	2	0	-6.73708194834679
6	29911879	29912087	0.281205478689645	9	0.0753117594477191	0.544623030949825	26	0.0787098762251893	4	3	1	-6.76727060902075
6	29912108	31238267	0.0770539508189947	317	0.0670365289860996	0.855223442063119	12749	0.368967033966633	2	2	0	-6.81867835410413
6	31238661	31239518	0.141091780831222	21	0.0926101917666064	0.417912314865776	68	0.154506967432134	1	1	0	-6.73614989278999
6	31239577	31243895	0.386941594514877	17	0.119968347541194	0.191852531910867	43	0.113344006402524	0	0	0	-7.22879064924369
6	31244151	32006858	0.0803925775029466	343	0.0788230276061839	0.855257444330928	13446	0.450514567173205	2	2	0	-6.76508709147559
6	32006886	32012587	0.11373009551967	9	0.179879126081933	0.34105806991581	214	0.153468089515649	1	1	0	-6.78738047361375
6	32013690	32546698	0.0863121827841841	186	0.0815919641851287	0.836462496471598	5930	0.442926402963153	2	2	0	-6.7640137653082
6	32546704	32548141	0.0180969732650637	35	0.0229523437590503	1.14968547270424	62	0.586738067868076	11	11	0	-6.73778375778399
6	32548155	32548809	0.147241647991479	21	0.0751260844941926	0.618215609191997	44	0.306993560165497	1	1	0	-6.73346914531369
6	32549121	32549452	0.232846573143355	9	0.118213789381781	0.159809223062699	19	0.0882754858582425	5	4	1	-6.90517409872591
6	32549464	32557617	0.0864675985536698	48	0.104658442696514	0.593543447349994	106	0.406374295464631	2	2	0	-6.73999175567366
6	32557643	32628776	0.0372002241321662	106	0.0364765109221894	1.03397009238964	261	0.512955275973292	4	4	0	-6.81660672326074
6	32628784	32628967	0.210794656140148	9	0.153613964208987	0.13742407540773	12	0.105496948110389	5	4	1	-6.81048014797255
6	32629046	32632608	0.0236736936240288	79	0.016971299062999	0.671045644750794	134	0.375344705745962	8	8	0	-6.77297342024929
6	32632628	33054235	0.0675099393737383	196	0.0575949649214357	0.901515307419523	3241	0.364422361224656	2	2	0	-6.79540188973444
6	33071600	33095748	0.0647260464972419	9	0.159007424704355	0.391041813944141	27	0.324777035067325	2	2	0	-6.85159778429267
6	33095762	35610681	0.0811980573889439	159	0.0455026881208575	0.878082389808631	17169	1.19278394624094	2	2	0	-6.74566444518285
6	35705606	35765151	0.498098626359001	9	0.190383676938031	0.918057165744785	432	0.425784297935159	2	1	1	-6.73348500813051
6	35787117	57392913	0.0824564599690135	571	0.0697256742310325	0.93006746810839	65745	2.04921621643872	2	2	0	-6.73694805065676
6	57392963	57472533	0.45494544925989	14	0.186040288676913	0.948819604282994	143	0.397392597550836	2	1	1	-6.76805692133196
6	57841320	58778716	0.126022465273501	12	0.140982160917507	0.682234233067962	219	0.570108965057449	1	1	0	-6.80895907928148
6	62284045	160134122	0.0826665585317712	1515	0.0688652433593353	0.981384756143122	141205	2.46732635250413	2	2	0	-6.73834381469279
6	160134879	160184156	0.102567424222373	10	0.174021741936652	1.22234730112585	614	4.97068920812059	11	10	1	-6.73527537702485
6	160189746	167368685	0.0857597262644505	156	0.0663852240602669	0.915156681499285	10031	0.874576277866662	2	2	0	-6.74603412366641
6	167368811	167590723	0.0636258196903021	11	0.163368963337037	0.905857085795846	1001	0.486355846680596	2	2	0	-6.74518706137966
6	167590739	170949110	0.0876157215282323	138	0.12858424873829	0.937763731510657	8118	0.911414502290517	2	2	0	-6.73462398674907
7	193916	56879552	0.498921205104745	1375	0.141535766163937	1.0787495472341	111127	7.59784465304867	2	1	1	-6.74105055692396
7	56879754	57669454	0.368065570750087	96	0.162002723607168	0.846549143978722	2226	2.26182571340603	3	2	1	-6.75862326988255
7	61822070	63040577	0.318138744832493	33	0.154535288212855	0.788132064221722	1143	0.918749121216664	3	2	1	-7.01043976553501
7	63040612	80141418	0.498842813892026	420	0.154752333230553	0.989388775529299	39410	2.13504382697202	2	1	1	-6.7350925743806
7	80276331	100552644	0.498897099626061	406	0.1240364641481	1.01053310154855	58587	1.84619554864627	2	1	1	-6.74241093963921
7	100554779	100555361	0.341135563827037	9	0.168029759269006	0.48194737920003	40	0.368459675802262	3	2	1	-6.73896337404507
7	100606918	100639177	0.347387011185486	30	0.0780126794881418	0.916950390522687	1009	0.716138660126123	3	2	1	-6.74236851961395
7	100639320	100647638	0.497821412663776	9	0.193429573747139	0.861420967819276	1370	4.57473167617123	2	1	1	-6.73310864111281
7	100647646	111372244	0.498870869719111	228	0.162856263884604	0.997673832174807	29269	6.97422166043139	2	1	1	-6.73325333097955
7	111372450	111511845	0.497821848110816	9	0.18735201567578	0.96576358627692	830	0.453171849491843	2	1	1	-6.73312481878664
7	111512032	134814113	0.498883792223621	357	0.130835180450043	1.00059396432316	36206	1.31108182314337	2	1	1	-6.74691004685003
7	134814320	134916880	0.498054755363352	15	0.220226766246586	0.872893587258209	791	0.48437186889713	2	1	1	-6.73545481444431
7	135047455	149589599	0.498899702510682	495	0.14318175263851	0.975610710770079	39064	3.74480161983429	2	1	1	-6.73322457654493
7	149735917	150324570	0.497676183459972	9	0.213363018767962	1.49134847643679	1860	4.94867869092617	4	2	2	-6.73348846990783
7	150324825	151927127	0.498843560878569	103	0.126232642340978	0.973951409332048	12398	3.5661995075894	2	1	1	-6.73309554853074
7	151932747	151935992	0.105866786990303	14	0.131090460336398	1.06290366808082	58	0.524519314124172	11	10	1	-6.74794169926558
7	151944765	157370688	0.498810316577871	69	0.119482089602251	1.13393360005843	6343	1.41092466622137	2	1	1	-6.77802816402386
7	157388186	157413972	0.497725550604484	9	0.163700522635424	0.805649651672965	41	0.458430051583796	2	1	1	-6.73540977901202
7	157413977	158937357	0.498764886331433	106	0.149855671804465	1.03447258028628	3786	1.9245943999539	2	1	1	-6.73444310161679
8	357362	11710703	0.498852941455252	367	0.154362404938788	1.23147216233213	19494	5.11026561375107	2	1	1	-6.7491805481444
8	11952683	12948136	0.498542811134728	116	0.16004571217314	0.783269865164699	2880	2.90239619089616	2	1	1	-6.7360165183951
8	12948613	43828033	0.498892685841314	722	0.136248557584267	1.24866815614123	75172	1.75192002025298	2	1	1	-7.12337691363602
8	47491073	48069463	0.49787952785731	9	0.174282895826807	0.755660287012953	477	0.485838863033094	2	1	1	-6.81626379353872
8	48173607	143746069	0.498903146744519	1360	0.135485606228837	1.27719721817794	136391	1.33473663133752	3	2	1	-7.4763742358799
8	143746416	143763757	0.498621301515904	16	0.213318384892942	1.30287235801113	145	0.662002941416762	4	2	2	-6.73517718594709
8	143781858	146076708	0.496652895447487	128	0.108463507370462	1.43157997901789	34352	4.41182551121172	4	2	2	-6.73656776649852
9	16295	135233	0.387515067578819	23	0.162425014623654	1.13874817788002	614	0.659970773170189	3	2	1	-6.76454874912292
9	272854	39102585	0.498904916581536	702	0.141838191286147	0.91420205358902	65670	2.09306816032114	2	1	1	-6.74580939427083
9	39357646	40332626	0.048906340982576	12	0.206957176070975	0.876096230313383	412	0.604269517864079	2	2	0	-6.7646306339878
9	40332852	46918317	0.498828617207253	103	0.116829419533816	0.885098653877425	3079	2.10697120657254	2	1	1	-6.73897558970729
9	65505911	65973595	0.322656355214611	14	0.166860819148873	1.15486673394169	400	1.05886149326993	3	2	1	-6.75986968744517
9	66500871	68437500	0.498586117406999	28	0.139240057637139	0.737201088046283	1140	0.501692055064963	2	1	1	-7.03916924065245
9	68437509	69082351	0.49784373206511	16	0.182542369510935	0.628067725875307	205	0.372667472230834	2	1	1	-7.19710675231226
9	69082881	70919276	0.498449800710047	31	0.16354590293123	0.924184410662049	1934	1.21999956990963	2	1	1	-6.73416056486975
9	70919413	71394865	0.49783589064594	17	0.154262977335687	0.647351595223839	478	0.428358704016488	2	1	1	-6.96546359093462
9	71394895	79259850	0.496583550056693	140	0.135552770146343	0.999739653298445	12483	1.35481686278166	2	1	1	-6.73761203562184
9	79306771	79888015	0.497748280881342	9	0.190155857127778	0.911793521494442	1331	1.11826053275794	2	1	1	-6.73385754020434
9	79891031	127818298	0.498914144602706	893	0.146338208984924	0.915469147959081	103165	2.75424985799119	2	1	1	-6.74164654976301
9	127904740	127958261	0.497853883580081	11	0.21870611248057	1.01857637487101	329	0.953197681890468	2	1	1	-6.73321096347857
9	127965400	138437869	0.498913372451978	662	0.146081789365405	0.878527281622632	56365	2.27275611516732	2	1	1	-6.74264189719332
9	138438253	138440313	0.497972560258799	10	0.181933718089247	0.549030828719891	72	0.275637709874486	2	1	1	-6.73818167160422
9	138440347	138719656	0.498707875960144	49	0.162091333328269	0.795102899471884	2179	0.484295553823582	2	1	1	-6.75837223855338
9	138727945	141107376	0.498915920188511	372	0.130358912312073	1.0519908578072	29773	3.75712533433536	2	1	1	-6.73391569134457
10	93945	38943139	0.366023673477802	861	0.138229816278613	1.33948797204953	77531	4.38138654611297	3	2	1	-6.73830663373593
10	42645439	43191011	0.490714905033159	17	0.161093962350804	0.982968236419436	913	0.906111867778985	2	1	1	-6.73524288241394
10	43191278	46327952	0.385807885831411	72	0.106382952350744	1.16437469188643	9400	2.12551342759096	3	2	1	-6.79824081852959
10	46732927	47000374	0.205522786074745	26	0.101800589389256	1.09001905080806	1521	0.905020544720088	5	4	1	-6.83981810560803
10	47086589	47405767	0.49918245479529	11	0.0901459422774587	1.05747734271247	555	0.761296515303396	2	1	1	-6.73615994677365
10	47405870	47668275	0.497835115196184	9	0.204619633575189	0.774493168515207	258	0.493417976578575	2	1	1	-6.76280002642922
10	47668331	47708914	0.403542451585025	31	0.117744036216346	1.01773962250742	505	0.520878200990567	5	3	2	-6.78385144877729
10	47709387	48426798	0.33024383288968	21	0.145736275184876	1.20615927211218	2389	1.03283400980185	3	2	1	-6.75379104490727
10	48426891	50741180	0.370566955418802	101	0.110742402014587	1.1094463657785	8526	0.728972339878511	3	2	1	-6.8528384859994
10	50741251	51465983	0.10263626873662	33	0.105913692350294	1.13437413257951	2490	0.616335393100941	2	2	0	-6.78129310229235
10	51466576	51623190	0.499103726964519	22	0.0786490368388005	1.21926168922439	1020	0.793189374801106	2	1	1	-6.7416230471582
10	51623335	51633027	0.498238143474886	18	0.167520167549903	1.20343085814884	95	0.71094859694833	2	1	1	-6.73368301747524
10	51748309	124096387	0.0606513232319388	1510	0.0591323340781055	1.28837689377335	193694	4.15140305328478	3	3	0	-6.74016710572185
10	124183691	124329866	0.0953677746192466	14	0.0992381971834423	1.33158356878054	530	4.51787027079449	2	2	0	-6.7400310499711
10	124330146	126715436	0.0584910425662255	111	0.0558601858246136	1.16478017937164	8660	1.9444107607569	3	3	0	-6.74246180008448
10	126716346	127843646	0.479338383196177	9	0.144935330406357	1.28056156017391	4021	5.22991018835224	2	1	1	-6.74724895995992
10	128114325	135014078	0.0690350821608959	239	0.0703049461317048	1.27800168914345	14656	7.03511266326499	3	3	0	-6.74308138887015
10	135014150	135103311	0.498119885828392	17	0.163481178085538	1.37767030593151	2094	4.8170781417774	4	2	2	-6.73324546201002
10	135105983	135351228	0.0714749918542001	23	0.0937378397910665	1.31011650975857	2437	6.20918310025699	3	3	0	-6.74190260326313
11	127515	407203	0.498695419328699	58	0.169220193791081	1.04820029859267	3794	3.03680146733327	2	1	1	-6.73320557183549
11	419906	1079879	0.498911811327667	182	0.107991774371554	1.00971362502517	11540	2.72453375867268	2	1	1	-6.73322596267158
11	1092684	1093512	0.498239465170354	9	0.139973211722815	1.44888208504374	155	0.323976184687484	4	2	2	-6.73330062268421
11	1093710	3829862	0.498895562262789	259	0.138642435462442	0.859830880712509	16137	1.99345042868165	2	1	1	-6.73809157728891
11	3832257	4233016	0.49841432009626	24	0.180443048745524	0.873133948116992	1365	0.382250782414566	2	1	1	-6.74788127102357
11	4233350	48286234	0.498922397800835	1239	0.137097546413933	0.920264756100006	98581	5.77260126579439	2	1	1	-6.7344920970779
11	48930459	51527637	0.498257598426099	11	0.198931555154942	0.702306443755778	3366	0.718537375610401	2	1	1	-7.0145505207158
11	55029939	60906279	0.498881917528914	253	0.121538371156878	0.857896277199867	21862	1.40965839322204	2	1	1	-6.75548202940188
11	60970749	61179006	0.498345205335356	14	0.205397243098654	0.840013014059563	2537	0.673723512483871	2	1	1	-6.7379811182743
11	61179285	73668552	0.498914849767707	608	0.14828672374192	0.951768079930024	93958	3.96447853189313	2	1	1	-6.7330982325185
11	73668842	73675857	0.489553928259474	9	0.149999166664352	0.858369746272902	69	0.433642085396204	2	1	1	-6.73621908858886
11	73689104	89498030	0.498888387673951	334	0.127011264018334	0.993147207415075	28536	9.45541245214871	2	1	1	-6.7331970484049
11	89520366	89892209	0.382892523449531	36	0.155644650222413	0.711949587650494	1176	0.476630678773905	3	2	1	-7.13891518083363
11	89892250	134251777	0.498918915554474	1098	0.138546272176122	0.894029801908198	99706	1.21502921837158	2	1	1	-6.82338954435304
12	73607	33579494	0.353141314135684	1160	0.130293644185558	1.3380719306926	111441	2.26338085331512	3	2	1	-6.73393799592753
12	39836937	133808275	0.354327541966745	2612	0.121229954450698	1.33325983856097	332469	3.42734563117397	3	2	1	-6.73476484142614
13	19239360	21894626	0.496540653202941	73	0.107553522833855	0.9587738541842	8566	1.69576874014291	2	1	1	-6.73365145918674
13	21894803	23708423	0.498005361582512	13	0.220519985721395	0.98027306209397	1016	0.798116000754508	2	1	1	-6.73381601327005
13	23709423	25486287	0.498824331388757	165	0.139827185336236	0.878481034086542	6447	1.27822599177871	2	1	1	-6.73822027717254
13	25486515	26107606	0.011109611327513	37	0.196558311118278	1.0194038612768	2062	1.12241409610524	3	3	0	-6.79433093936989
13	26125731	45975241	0.49890482295557	388	0.126464222736639	0.976016891189445	34843	2.52144106465978	2	1	1	-6.73357996274673
13	46148855	48891836	0.498340561589369	27	0.214394901499951	0.988907466016204	5146	0.697898120093094	2	1	1	-6.73601366499139
13	48916895	53775833	0.498908005156877	126	0.118646459756279	0.997731660751668	12144	1.10168672710109	2	1	1	-6.73662554089007
13	53982717	53983466	0.497750200190383	9	0.186331022645184	0.306704398058662	31	0.251960408222855	0	0	0	-6.73593251084935
13	55015081	115064482	0.498894128684286	673	0.142257520900325	1.01576252013687	53317	3.16243162388967	2	1	1	-6.74447903297522
14	19110467	20138296	0.366115836514761	95	0.157946528721116	0.63053044480802	1764	2.02509280968242	3	2	1	-6.82426845004702
14	20147838	21500426	0.498880950217631	153	0.130942505377293	0.80197048448572	6907	0.411777004057181	2	1	1	-6.88424676952426
14	21500455	21548634	0.49792797101473	10	0.228863277963067	0.897884715127728	560	7.05819801744488	2	1	1	-6.73308150946696
14	21549335	50101370	0.498904779466557	396	0.135285814853405	0.941271527884701	54870	1.71807390929082	2	1	1	-6.73534914470197
14	50101682	50575083	0.497781138018815	9	0.184613184192727	1.04698639974302	1789	0.528817455347474	2	1	1	-6.74072671135456
14	50575408	105398787	0.498928345479724	1425	0.138205514335664	0.979133832471309	138732	3.95410689489855	2	1	1	-6.73387490241056
14	105412347	107095156	0.49871536816539	31	0.198031907931878	0.879000841389217	7118	4.24337415546202	2	1	1	-6.73349185317866
15	20104688	22148210	0.296955448318587	121	0.158999318656821	0.671620358279899	2366	1.69035290114579	3	2	1	-7.01334942729505
15	22148845	40457635	0.49883348991795	529	0.146166375300506	0.90718298460631	39007	5.0742775512597	2	1	1	-6.73443981793765
15	40477831	76039262	0.498926341444626	1075	0.144676875001924	0.944779825781385	132282	2.69089627487359	2	1	1	-6.73382690756273
15	76044074	76077992	0.126871249130179	9	0.143635630831784	0.550187493829967	313	0.283146836664822	1	1	0	-6.74299772307404
15	76084875	99715352	0.498901169819373	862	0.14545732632635	0.928017457321695	58515	2.5813102675934	2	1	1	-6.73552360561505
15	99739889	100214958	0.498356685591752	13	0.206938396630495	0.902959343728317	596	0.462147518085656	2	1	1	-6.73809122094524
15	100251015	101872306	0.498893555347527	82	0.0988026846336476	0.883583962303736	4214	1.55254299427117	2	1	1	-6.7358886023065
15	101922596	102516734	0.0167922674618461	48	0.192420928772801	0.939797616459271	1682	2.09153554702502	3	3	0	-6.77427606015051
16	66484	103423	0.498180343032732	9	0.165109811943446	1.12045043372351	294	0.702069633775283	2	1	1	-6.73417475981022
16	103923	1279816	0.498904638141947	190	0.106052516768838	1.01867498747125	17035	3.09329824667938	2	1	1	-6.73335214867532
16	1290947	1400693	0.321466314990176	43	0.127342098171726	0.770400196639047	1541	0.365549274826413	3	2	1	-6.92495219216054
16	1417791	4043175	0.498926005357639	374	0.111115112995208	1.00893640328376	36680	2.27817625939156	2	1	1	-6.73383222990569
16	4043701	31765220	0.498903542483091	884	0.152761841611151	0.905726270355959	103813	1.59331003978958	2	1	1	-6.75526218610554
16	31804434	33784956	0.36189934002988	187	0.165519125405994	0.760976684632941	4076	1.2764878980072	3	2	1	-6.97011733210746
16	46391511	56966011	0.498901767440728	281	0.143052558058416	0.920367490514522	23173	1.48508802152758	2	1	1	-6.73820402036451
16	56996158	57155457	-6.80522887064328e-06	37	0.209744707543104	0.701474803609344	1457	0.349614506883528	2	2	0	-6.90606270992462
16	57157206	57950057	0.498899845917455	97	0.0844855210352923	0.895272168273649	7017	8.7568784562344	2	1	1	-6.7331617979739
16	57950270	72993708	0.498869060109647	374	0.136530519119883	0.903613931897564	53959	1.42085126665639	2	1	1	-6.74947431543497
16	73177898	74943099	0.498450220677777	53	0.152613295134989	0.854841698864572	3683	2.00730151179826	2	1	1	-6.73663505884187
16	74943164	89964814	0.498909879352816	720	0.136589538714467	0.961994810335458	43531	4.13838832356956	2	1	1	-6.73306994790302
16	89973881	90238127	0.498042290972282	9	0.191563377966087	0.893089505339813	2444	1.25827106506326	2	1	1	-6.73361681483248
17	11446	1377943	0.49885195340489	56	0.151365147217607	1.07647921648716	4825	3.1111056525032	2	1	1	-6.73417255016999
17	1380569	1550106	0.00155278864055408	20	0.190393906083373	0.980604299850415	2129	1.81929557311368	5	5	0	-6.77377548084502
17	1612777	1990959	0.498911706748556	45	0.112314372107127	1.04525418528649	3937	6.94508435409542	2	1	1	-6.73312001318028
17	1991460	2140668	0.497856514733747	9	0.213245619988886	0.947036395503905	225	0.45806216103605	2	1	1	-6.73317064682001
17	2183784	12608271	0.498921020113346	819	0.125422081172085	0.88459821486166	73465	1.78783171163327	2	1	1	-6.74617842056679
17	12618680	12896553	0.498377346321487	21	0.221167206731318	0.812762127881677	1051	0.539051603420654	2	1	1	-6.74894857562376
17	12897293	18291559	0.49886826467872	239	0.127909554860202	0.924791514922068	21662	3.75037475537529	2	1	1	-6.73340006243116
17	18301102	18394056	0.373234542792781	49	0.178373962248315	0.50055572014036	445	0.364877169386838	3	2	1	-7.13147808687061
17	18394431	22067790	0.496477877281135	210	0.142117175251554	0.875594742043609	14574	1.63412658028392	2	1	1	-6.74039915076278
17	25308711	26086266	0.49849508736716	52	0.1979203109135	0.738016747120972	1993	0.450432786179316	2	1	1	-6.88814488309161
17	26087967	38857446	0.498901424465998	505	0.138414721262146	0.928267330087291	64936	1.67126936501855	2	1	1	-6.73618790575844
17	38875308	38928543	0.49793516205757	10	0.216395830725907	0.888200703986568	428	0.466377310828843	2	1	1	-6.73397441963346
17	38934118	81043175	0.498931981722351	2060	0.140994086865758	0.923110545206622	208658	2.52193206677567	2	1	1	-6.73919561414026
18	47858	15325567	0.498874163576427	487	0.147741934117729	0.992675516517537	31678	2.65158947239502	2	1	1	-6.73451406363896
18	18629297	29049018	-0.000437635026048502	95	0.154045290092804	1.00103985872773	14399	1.62058037184009	2	2	0	-6.91628550004859
18	29122850	29426552	0.498060022215113	13	0.197809316365599	0.890078909840331	924	0.711783712241798	2	1	1	-6.73515032138933
18	29432278	77918528	0.498919232282218	701	0.143060854016413	1.05634807796754	61421	3.8653905057122	2	1	1	-6.7507756052334
19	281360	1110574	0.498895389537516	266	0.124278798292077	1.35787379570774	13917	11.781749654833	4	2	2	-6.73331513546384
19	1110829	1118882	0.497820020809912	9	0.221547398991728	1.10509441950233	367	0.581983979497729	2	1	1	-6.73336992731227
19	1118909	11169305	0.49892641796837	1032	0.133964393354053	1.03528835479053	101329	6.57111307518394	2	1	1	-6.73386166934575
19	11215636	24115369	0.498907839618713	959	0.144139308737027	1.00130228468875	108371	4.82908113278062	2	1	1	-6.73364958960306
19	29698222	42400528	0.498920597594192	802	0.134333524083634	0.915580194162234	79167	1.78595761828547	2	1	1	-6.7384543807541
19	42461454	43678313	0.498630619278395	18	0.215574418856597	0.781862776912815	10476	1.42734014133752	2	1	1	-6.7481321101527
19	43678382	43877001	0.482957819733229	42	0.12732408100115	0.65949023771981	1154	0.251001217130945	2	1	1	-6.9993899615084
19	43877751	44284767	0.49830179286977	22	0.151752283051213	1.00208028904807	4202	0.655903810806533	2	1	1	-6.73414341436454
19	44301608	49535834	0.4924065604059	676	0.135731639582607	1.04900791763169	51455	8.03852354969406	2	1	1	-6.73528802189253
19	49536390	49542109	0.0904138303366514	9	0.179266173917756	0.565997316956828	183	0.230026446906321	2	2	0	-6.75163382709932
19	49542248	52627349	0.498905819565049	405	0.139723607719708	0.944909353280794	34332	4.24290982352113	2	1	1	-6.73309273401519
19	52633470	52718884	0.497860578599574	9	0.211892071583625	0.875269390974368	630	0.361162522653514	2	1	1	-6.73645249351735
19	52719011	54726872	0.498857106922095	229	0.125849293610919	0.781660685407223	18778	1.40478416310687	2	1	1	-6.75878319768568
19	54727137	54755725	0.249496458444619	19	0.129575916468513	0.426291045600244	230	0.268454257130772	1	1	0	-7.11594823758345
19	54756657	56249445	0.498869133147172	285	0.140585289934561	1.05616861153629	20797	10.1018715624874	2	1	1	-6.73314833753921
19	56273736	56284090	0.230280278552003	13	0.121680487448239	0.728239685803366	133	0.341405699200817	5	4	1	-6.79745934071597
19	56284457	59074653	0.498894612187897	174	0.127344529632387	0.961026950726068	25743	2.20233546703957	2	1	1	-6.73307524080121
20	126529	25900379	0.498918380414523	786	0.14684470727821	1.01637623266937	51890	2.24839741289497	2	1	1	-6.74296467722911
20	29449302	29625935	0.359338514573324	9	0.134470256934387	1.23638034923949	162	0.671453718695468	3	2	1	-6.73630378116549
20	29625997	61460124	0.498919306587201	977	0.146480774378803	1.0000071648448	104511	3.25744754641109	2	1	1	-6.73604358835489
20	61460338	61464184	0.497816699188644	9	0.191764685081598	0.838292298522196	132	0.342554598257586	2	1	1	-6.73346954688939
20	61464440	62196253	0.478552227761868	83	0.146688867543856	0.942042919950508	8279	2.99511867111702	2	1	1	-6.74584694851923
20	62197905	62325656	0.498136558332846	18	0.20840584620405	0.908396795109739	1817	0.960071990691569	2	1	1	-6.73333267973657
20	62326579	62594247	0.498823825665309	17	0.182700313113483	1.20063485683191	3311	2.57075716111364	2	1	1	-6.73426877454935
20	62661052	62831503	0.497715799692415	12	0.177698651109288	1.04779942811875	1054	3.31150880105835	2	1	1	-6.7332000869257
20	62836520	62959184	0.473711517508303	19	0.185266048621786	0.976901737563438	864	0.553519295532118	2	1	1	-6.7451582642014
21	9590475	11181645	0.422619713202583	96	0.172370755039776	0.791218622516198	1989	0.416656870075509	2	1	1	-7.05068598179905
21	14414959	14786146	0.498890883788635	17	0.099874884966436	0.866064311922306	390	0.449266823872367	2	1	1	-6.74480898769069
21	14798237	15309288	0.498126257389155	17	0.168158954039116	0.68415380427204	403	0.528431599018434	2	1	1	-6.85662555767912
21	15309523	28515912	0.498835046273303	102	0.160525845514787	0.944877585488107	7439	0.757743220614113	2	1	1	-6.73659257790147
21	28739553	30276111	0.497991655990943	10	0.177189446638337	0.769167256818856	269	0.468579458588091	2	1	1	-6.93278003276675
21	30315681	46913517	0.498918339367907	718	0.135785946609149	0.933328429431804	54684	1.92741718960872	2	1	1	-6.73521387067098
21	46914194	46927273	0.498363028302714	16	0.184026979453195	0.736173311643521	266	0.369691971120738	2	1	1	-6.73712462387072
21	46927489	47987185	0.498886335505996	186	0.134500339822545	0.962556155161015	8666	0.551609258766671	2	1	1	-6.73308429803025
22	16123469	17378410	0.38286991265569	61	0.171460640865827	0.727556339052709	2103	0.737046092336691	2	1	1	-7.10550473909456
22	17446906	18821648	0.498841158392106	44	0.14349058355415	0.892943036794608	6035	1.36713758703098	2	1	1	-6.73538976663199
22	18842353	18898874	0.497879136020132	9	0.163046857613932	0.890369643922252	363	0.506893972226135	2	1	1	-6.73388189923861
22	18900750	20351704	0.498881459828506	105	0.140125433081711	0.952138822413903	11310	3.19676487659349	2	1	1	-6.73307388809961
22	20379008	20723494	0.494809911028272	33	0.143382124799855	1.61419411868316	2114	1.93846940872992	4	2	2	-6.73421112494507
22	20749042	21331629	0.498730745645894	63	0.181280940293998	0.993927944195234	4601	2.04393602019558	2	1	1	-6.7331593517098
22	21331918	21419799	0.499197979494745	42	0.071294012630331	0.857149152832107	1426	0.429963994331325	2	1	1	-6.73677410483441
22	21421425	21470623	0.175389918223078	9	0.134561324309773	0.533933293362199	71	0.687590305757308	1	1	0	-6.76304468017697
22	21563244	21829507	0.33494390991603	30	0.162985494030505	0.919134455034926	873	1.59465166950609	3	2	1	-6.75025501435493
22	21830934	23657735	0.498862411962812	137	0.123552746778784	0.922589284139438	6166	3.94096359366257	2	1	1	-6.73319278210268
22	23657874	23734769	0.497873146242027	9	0.223374933936445	0.29551729040584	102	0.21498717821926	0	0	0	-7.0657085454349
22	23734930	26690407	0.498873341300681	184	0.14553398411434	0.798631072424304	12195	0.786231828977588	2	1	1	-6.82880862282222
22	26690539	26761183	0.0403300181966716	16	0.208293382836165	0.663250960173388	279	0.372607852635995	2	2	0	-6.80198374243692
22	26830285	47095409	0.498917706571018	904	0.141523076598414	0.927920001195864	89425	3.27712516348546	2	1	1	-6.7343818690832
22	47095618	50315726	0.498233161230228	11	0.209912016200728	1.06548450206023	2610	2.67746908648345	2	1	1	-6.73599302511752
22	50354819	51220938	0.498885122641547	172	0.138761120436568	1.05443984238408	13793	5.95246880413513	2	1	1	-6.73319724599649
X	207074	56291380	0.370804295053098	581	0.134855086238997	0.987756957367199	101214	3.7352444833836	3	2	1	-6.97861070969558
X	61999396	155255182	0.372118094029586	714	0.140398787480973	0.946480416582476	140619	1.78067940807968	2	1	1	-7.19719291391169
