""	baseMean	log2FoldChange	lfcSE	pvalue	padj
RPL21	47.8909790176679	1.83297980482774	0.21567986703264	7.08453753748287e-19	4.81748552548836e-16
CD74	46.0002187709819	-2.39336778302353	0.425035634856201	1.40915191775644e-09	4.79111652037191e-07
MT-ATP8	28.7035408875065	2.11775285309331	0.421497964294391	1.42899207666601e-08	3.23904870710963e-06
TXNIP	33.5671450937716	3.70759737253069	0.872146435331175	3.79375765977391e-07	6.44938802161564e-05
HSD17B11	2.55251186182839	3.99247155079493	1.06247270525187	1.06319996656076e-05	0.00144595195452263
HLA-DRA	10.5152578493604	-2.10771660854812	0.625654324243648	4.48777556147314e-05	0.00436313251921158
RPL36A	10.6252814607833	-1.21776862777345	0.360962112835632	4.49145994624721e-05	0.00436313251921158
HLA-DRB1	5.03816154594469	-1.92464927153994	0.609999325483875	7.14126763778259e-05	0.00514884027657408
HLA-DPB1	5.42541087489956	-1.7520762088594	0.538936523049552	6.79293914918815e-05	0.00514884027657408
IFITM1	21.4354275317439	3.15896944565887	1.14551995211018	7.57182393613836e-05	0.00514884027657408
ZFP36L2	21.297827497798	1.08268163136606	0.382937100639895	0.000152722758821978	0.00865428966657877
HLA-DPA1	6.39765427691112	-2.00060739558611	0.659318156123591	0.000144956929810485	0.00865428966657877
MT-ND1	45.8700927553003	0.618234191848931	0.211549662389282	0.000192263980828912	0.0100568851510508
GSTP1	5.94931532146971	-1.51163556864381	0.541790847688366	0.000255711709887155	0.0124202830516618
TPT1	104.612574191305	0.565321937639188	0.208062598375846	0.000370911636721897	0.0165938823900614
MT-ATP6	109.204950509338	0.62620897409674	0.23695493145813	0.000390444291530858	0.0165938823900614
MT-CO3	108.031705774199	0.537320999489861	0.201663870171305	0.000471175388373903	0.0188470155349561
CD52	13.915929256852	2.00762123674913	1.00408482308064	0.000632455361265418	0.0238927580922491
CD7	12.0792633943598	0.0230057883852017	0.159285367125365	0.000894761018368791	0.0320230259205673
HIST1H4C	4.3730459421438	-1.09172474690221	0.521468363052691	0.00146870191601829	0.0499358651446218
RPL26	31.3386879639979	-0.558533735360132	0.248954475402451	0.00158331158502907	0.0512691370390364
BTG1	8.64845040575193	1.30454281951258	1.06876574385409	0.00247234646798449	0.0764179817377026
C12orf75	2.30167811505814	0.0808488637900184	0.187827143021512	0.00287727023305468	0.0850671199337906
CORO1A	5.42713010396424	-0.133780349425917	0.250283161967989	0.00314398185973069	0.0890794860257028
FOS	23.3348430001334	-0.243595192751766	0.886318028318282	0.00355135306145132	0.0965968032714759
MT-ND4L	82.8820581788664	0.409409605741367	0.21208103088345	0.00386901491688907	0.101189620903253
RPL30	111.036318720622	0.344518491013383	0.166109603546999	0.00411203245032836	0.103562298749011
ENO1	3.34997316376548	-0.891398601146703	0.608823266302501	0.00491123353134053	0.119272814332556
RPL13	137.183631816771	0.303724954956029	0.159185758939424	0.00755063040878575	0.160450896186697
KLF2	7.38992938571375	0.027461230267692	0.160222591364733	0.00692289410480598	0.160450896186697
ZFP36	4.01578475339452	-0.133062470014657	0.245514367051272	0.00715931252096937	0.160450896186697
MT-CO2	183.689402938781	0.389030685473664	0.247054149568035	0.00752788550382307	0.160450896186697
B2M	105.630247448878	0.106839113586249	0.21091001479401	0.00823467448912757	0.169684201594144
OTUD5	2.27138660128734	0.0450156403988096	0.165828793852704	0.008664443446521	0.171774107800815
AES	4.4789642479571	0.0884084412780779	0.192624839960081	0.00884131437210078	0.171774107800815
RPS27A	114.403134714622	0.320060664194379	0.196990679914504	0.01052559919493	0.184021019701502
IFITM3	6.05242602869843	0.0838269730174964	0.188704877778477	0.0103108836961251	0.184021019701502
MALAT1	204.628121763289	0.255830644051531	0.584818893565765	0.0105541467181744	0.184021019701502
LGALS1	6.56896316467898	-0.0897862788328457	0.194138839681924	0.00997310413840923	0.184021019701502
FCER1G	4.52862840929987	0.0572274243754709	0.171242038842324	0.0124646103386919	0.2067301226905
MT-ND2	24.0766343807361	0.366068747891789	0.636000279314199	0.0121754334486911	0.2067301226905
H2AFV	3.6737673419971	-0.225427536237054	0.470041488722506	0.0128327535162538	0.207768390263156
MT-CYB	93.5631081943359	0.352240041547828	0.300885355841965	0.0137652705077541	0.217683347564483
PIM1	2.89841884799607	0.0446175570451395	0.165486689731653	0.0149603620346511	0.231205595080972
RPL10	165.282488463376	0.25145770284918	0.145549423904613	0.0156504591956893	0.236495827845971
RPS21	53.192036604148	-0.316701227558832	0.225579913292151	0.0167951268458404	0.248275788155902
PRDX6	2.90844505309863	-0.183914574825151	0.32894722268728	0.0171937593987379	0.248760774279612
UBE2D3	4.47577540525931	0.143473603954073	0.251403066181387	0.0198064459771219	0.264085946361625
RPS26	23.4054146207598	0.101862824366247	0.203020872625248	0.0194132338583949	0.264085946361625
ERP29	3.58801944293008	-0.218991902434304	0.403780830369351	0.0190100704545927	0.264085946361625
MYADM	2.67979425622065	-0.0961322213650841	0.197957249424137	0.0194414419950404	0.264085946361625
DDOST	2.28565108466324	-0.12965989611479	0.233190836093335	0.0216922162452594	0.279723359037246
MFF	2.27656409147884	0.0761743304436027	0.18182320756731	0.0218019676896677	0.279723359037246
H3F3B	30.9592271282524	0.290442034756045	0.317796137469435	0.0228206126277388	0.287370677534488
ACTG1	32.3217173461701	-0.302421379966889	0.307056086569714	0.0239592115514878	0.296222979182031
RPS27	124.898452273176	0.277571722974657	0.296830688889959	0.0246317320274877	0.296654117143228
ANXA7	2.68043236744812	0.0819059251144001	0.185467885533957	0.0248665951134765	0.296654117143228
ARMH1	3.1496956124391	-0.132376876795207	0.234567270071081	0.0271741734620772	0.31319386363072
KRT10	3.16577601982624	0.102171790666184	0.20148950758645	0.0268475666214074	0.31319386363072
ITM2C	2.43931004721343	-0.0938279145889447	0.193920974036196	0.0308453875542184	0.349581058947809
CCND2	2.88780889138171	0.0810614888886771	0.184088038466434	0.0336524212463004	0.375141745040726
S100A10	8.83674572838267	0.0482655735224516	0.166468248486276	0.03614681411803	0.38634880923829
STK17B	2.42417591999694	0.043547626188536	0.16457564150908	0.0369304008830719	0.38634880923829
VSIR	2.18737013070753	0.0410160801921508	0.163747641079326	0.0359835204522679	0.38634880923829
ATP5F1B	4.57111444376621	-0.139574384643302	0.237256581340592	0.036405056562038	0.38634880923829
SELL	9.43848540928952	0.0640413162910673	0.173508191061636	0.0397125478605275	0.39502636995035
ARHGAP15	3.81662089609141	0.0630505771774625	0.172886916380249	0.0419692972813436	0.39502636995035
COX7C	10.6889463488608	-0.216507969121351	0.277795802376481	0.0435690849209945	0.39502636995035
CCND3	3.18675647659834	0.0697911932567806	0.17649373440041	0.0413488720884395	0.39502636995035
TOMM7	9.70317959170428	0.180139657623662	0.26737028708461	0.0425525309299402	0.39502636995035
MDH2	2.66739817846078	-0.0940327178161033	0.192446974189631	0.0417854745497227	0.39502636995035
FNBP4	2.49166613602853	0.0935040957921541	0.19265679721747	0.0393558761621702	0.39502636995035
CTSW	4.75142441002058	0.0699665409511719	0.176436145082716	0.0433096164045948	0.39502636995035
CALM1	6.58386657714095	0.0590675637582812	0.171037117829379	0.0405779100370269	0.39502636995035
MYL12A	9.84902986382898	0.0796784680921051	0.182669447001761	0.0395374438245828	0.39502636995035
SRP14	8.96108219555237	-0.178757247206934	0.265361393781072	0.0455479289722701	0.402241450664203
EMP3	9.04306255760886	0.0735644441919311	0.178584238568784	0.0451345649894023	0.402241450664203
PNRC1	9.59142208732489	0.140277737144933	0.229871575526663	0.047691514673987	0.415772179209118
ATP5MC3	5.51468012014885	-0.158144020669496	0.247213252035612	0.0513159443219741	0.430800520233857
AIF1	3.53613418188856	-0.120805508631296	0.21372806434744	0.0512660330542236	0.430800520233857
CYBA	7.70420798291988	-0.112152140986107	0.205439149224551	0.0506552238705728	0.430800520233857
SEM1	2.3346728903103	-0.0922988379182201	0.190304843986535	0.0521708599123222	0.432636399272915
H2AFY	7.21889073473675	-0.135000596404508	0.226157768441965	0.0529910552835653	0.434143585455716
JAK1	3.1875817382151	0.0721759596184919	0.176990311333353	0.054603042339153	0.434640818863961
GAPDH	34.1275090717185	-0.124967509462944	0.216834891444114	0.0539177345204309	0.434640818863961
BIN2	2.79417531203382	0.0466555247078932	0.165278463463609	0.055608457707595	0.434640818863961
MT-ND4	32.952379056082	0.171747727325658	0.242094175837183	0.0553424771980549	0.434640818863961
HSP90AB1	14.9825083775339	-0.135581872392452	0.225057305412576	0.0567508044595645	0.438229551392919
SPINT2	2.87724910768297	-0.107540483567546	0.201385679108726	0.0573565148146615	0.438229551392919
SF1	3.3291913804483	-0.115314863148668	0.206844139065558	0.0581595632249044	0.439427811032611
IMPDH2	3.95926344982503	-0.0802401573933636	0.181842762533986	0.0624538715363645	0.465972169130346
GLIPR1	2.20290986396945	0.057481402449172	0.169460026415108	0.0630432934705762	0.465972169130346
UQCRH	8.31021704643401	-0.153543000253403	0.232166252188608	0.0647907513291504	0.47373882692282
ARPC3	8.45332609064832	-0.153667709975328	0.227043577754545	0.067375317749253	0.482265432310443
MIF	11.4000226681983	-0.105860290819069	0.198565608093625	0.0666872955959437	0.482265432310443
SEPT6	5.05556250001555	-0.109331467076775	0.199166110555215	0.0692120449361348	0.490251984964288
RPL23A	51.5227999147768	0.17819144862666	0.155290169574686	0.0703005471262874	0.49282857779253
TIMP1	4.17567681478536	0.0559077333103092	0.168469702136978	0.0727567241076808	0.4997431554871
SRSF2	4.06160516471434	0.0760085881715033	0.178342841579866	0.0725280537112174	0.4997431554871
CCT2	2.41410750727154	-0.0878978834604772	0.185264539934362	0.0742783709136739	0.505092922212983
PRSS57	5.40167855939136	-0.0831494668544683	0.182526352875961	0.0756034315764434	0.509013202692886
GDI2	3.04963084093177	-0.0967607604666052	0.190617592242198	0.0770901202353763	0.513934134902509
HCST	4.57534939401368	0.0487228673065214	0.165591301280481	0.0785458878904481	0.518555376364124
RAC1	3.09997420324298	-0.0866414764260413	0.183425141646885	0.0808944340268749	0.528925145560336
MBNL1	3.16621498129875	-0.0886775881495473	0.184237484442538	0.0837466022250396	0.538958341446197
IFITM2	14.9752074493886	0.0392495174490391	0.162596792507875	0.0840140944019072	0.538958341446197
SPINK2	2.94965600570347	-0.0813959695344402	0.180332228981924	0.0858963070528942	0.545883072859515
HLA-E	7.62598173150596	0.0564927704552219	0.168340500872819	0.0869525345755469	0.546405142757495
ATP5F1E	11.7395337212405	-0.151831756540904	0.207758739088582	0.0875855302361279	0.546405142757495
PAXX	2.3214914966138	0.0421527703167299	0.163169161862196	0.0938413891143197	0.556518384606876
RHOG	2.86119299961262	0.0784843049714834	0.17811521778242	0.0938304352599043	0.556518384606876
EVL	2.53505793579135	0.0450107445013051	0.16399336546663	0.0941170797496923	0.556518384606876
HSP90AA1	9.28470177115929	-0.13581425173623	0.206778750458826	0.0916022478506454	0.556518384606876
GABARAP	6.51619358605165	-0.105791894833579	0.193307494700179	0.091139052134524	0.556518384606876
MT-ND3	82.1542772459165	0.155823436977719	0.193116979412615	0.092818351508123	0.556518384606876
TRAF3IP3	2.89503248425397	0.0467517069871	0.164581930803062	0.0985714480352829	0.558571538866603
TMA7	8.97944890241465	-0.130175717883674	0.201913934112255	0.0962640208840611	0.558571538866603
HNRNPK	4.03376756467869	-0.0936217047882596	0.1858649367383	0.0980835964063273	0.558571538866603
NAA38	2.34638580722998	0.0606774000726413	0.169832747204455	0.0969667218598534	0.558571538866603
FOSB	2.29735871941018	-0.0660472371761398	0.172072632579671	0.0960363664907366	0.558571538866603
SRSF11	2.59319829798908	-0.0775970912247563	0.177118195378498	0.100683518242693	0.565824730620091
HCLS1	2.22699879414336	-0.0732160033587109	0.174625154597718	0.108690596103018	0.588931331659435
HNRNPDL	8.43767484451526	0.0833943368322266	0.178863456851748	0.109357105383353	0.588931331659435
NDUFB11	3.8723541394994	-0.09702822554138	0.186486516086763	0.107772795985361	0.588931331659435
TSC22D3	15.6284635145815	0.037006272148116	0.161670706710772	0.109991586942277	0.588931331659435
SAP18	3.32969579643405	-0.0790013321235389	0.177538550650361	0.107472211788544	0.588931331659435
EBPL	2.92753999439949	-0.0677172497234212	0.172714991642524	0.106356864766975	0.588931331659435
GPSM3	2.89385416921654	-0.0792939699766815	0.176990170914311	0.113767255079627	0.590235227855071
EEF1A1	298.042769157837	0.141486596066056	0.127788076223591	0.113769204840436	0.590235227855071
RAP1B	5.27750433927293	0.0771545010618204	0.175733748491438	0.114575073642455	0.590235227855071
ITM2B	8.90770488761842	0.0640514925075322	0.170344369080296	0.11301396752807	0.590235227855071
RPS2	98.9643623198089	-0.131840075838693	0.199337318747081	0.112564955227416	0.590235227855071
AUP1	2.52913175248432	0.0618179732925193	0.169404360609404	0.119219285189221	0.591745357143578
LAMTOR4	2.22568552368539	-0.0715010200326217	0.173312281383835	0.118061246943478	0.591745357143578
BEX4	2.27658858100068	0.0662684209174214	0.171251059686347	0.118636282998163	0.591745357143578
SELENOH	4.98599511918062	-0.103278750896148	0.186915413478644	0.117911477953049	0.591745357143578
LCP1	5.13969656511975	0.0551015965374919	0.166864152346599	0.116746984794006	0.591745357143578
LRRFIP1	3.41494404624215	0.0672428974165386	0.171415950152723	0.121083787979449	0.5966447523625
PPP1CA	2.64033998769229	-0.0585724652866503	0.167942029844234	0.125372132889782	0.609113536726609
SEC11A	4.5515064090707	0.0700376598715016	0.172121902149211	0.126301483350664	0.609113536726609
MT-ND5	33.8660942271025	0.119000550425449	0.187251394029612	0.125974667660128	0.609113536726609
USP15	2.63158944551423	0.0484661539192268	0.164313405126565	0.131635846578391	0.621613719953511
COTL1	2.63124905069428	-0.0570293116395608	0.167280221200395	0.131624160087274	0.621613719953511
RPL38	17.4039456404069	-0.0991133721022913	0.18376756281233	0.131259487807326	0.621613719953511
EDF1	6.39922601736715	0.0884438474103409	0.178401740109811	0.133476396985916	0.62167089007139
FTH1	37.5544361163703	-0.121192816806692	0.186328089229383	0.133330827787988	0.62167089007139
S100A6	12.7060727783182	0.0652461054312365	0.169928875966421	0.13821968510965	0.635063418071365
NAP1L1	5.4579324161736	-0.0935889332329735	0.180340985619202	0.138094269305671	0.635063418071365
BST2	3.06250778802729	-0.0696918283503779	0.171161608829688	0.141020773224264	0.643584736862411
ACTB	65.8938210318332	-0.084563573434959	0.176660888197037	0.143375063307458	0.645662536748817
TXN	5.8422844446734	-0.0954176053190592	0.180323673218191	0.143199059130365	0.645662536748817
YBX3	2.43759055946306	-0.0645135669606704	0.16969229349124	0.146924467703413	0.652997634237391
TYROBP	5.82640605132352	0.0291210537917701	0.159588275709827	0.146566356254163	0.652997634237391
SNX5	2.86390114571305	0.0612484339948243	0.168200996860486	0.150628783575499	0.66511410929441
PRELID1	2.89382217434813	0.0499986279678769	0.164387349890517	0.151947035423486	0.666606348954649
UXT	5.81263130488053	0.0858353358653914	0.175214529052464	0.154739898597768	0.670779781549669
PHB2	3.91634627188613	-0.077060963134012	0.172913031681467	0.154871214269556	0.670779781549669
S100A4	24.0295407256542	0.0646705184111479	0.168731861932423	0.157205647546764	0.67658126792278
OST4	4.8695030436685	-0.0855177336456073	0.174873597148747	0.159459937375008	0.677704733843783
HLA-B	36.1980569520451	0.0477993658861225	0.163741815601251	0.158531786899344	0.677704733843783
IGFBP7	2.71969416665892	-0.0690507008928388	0.170018452453644	0.163282558951672	0.682575506298244
NDUFV1	2.19731861077367	0.0551236671610292	0.165598684023047	0.163212840889411	0.682575506298244
HNRNPF	4.084017460944	0.0650370130753047	0.168433727476797	0.163617364009726	0.682575506298244
TUBB	4.16292599631249	-0.0814282017475902	0.173332261790765	0.167174819336949	0.682989046486636
ANAPC16	5.59200627142645	0.0515582675099845	0.164277662801098	0.168738470308463	0.682989046486636
TAOK3	2.2106808494401	-0.0532943867580211	0.164982411643973	0.166965373601205	0.682989046486636
APRT	4.04339322009006	-0.0630105893911245	0.167520106111557	0.165637212231083	0.682989046486636
COX6B1	6.81544149716026	-0.0977740067962594	0.176445644232621	0.168081348997291	0.682989046486636
HSPB1	2.59182595616957	-0.0644694008441751	0.168211223772653	0.170006341866597	0.684049186208793
NDUFA12	3.97166587869062	0.0498292785347309	0.163667528331143	0.171857975243185	0.68743190097274
SLC40A1	4.06514710379374	0.0555293774591635	0.165537547774153	0.175590487116697	0.698254568651193
HLA-C	18.087910747592	0.0456876816650585	0.162752941840991	0.177155175572161	0.700380926680636
OSTC	4.51008746577493	0.0652352455339985	0.167731592951337	0.183972887237206	0.701048302308494
SUB1	6.6628877495115	-0.0762480193446956	0.170328648578076	0.182372164455745	0.701048302308494
RPS29	26.7819710696289	-0.112563510556016	0.165602129498419	0.183323704093738	0.701048302308494
ATP6V0C	2.43674761588799	-0.0611728985888681	0.166384407044242	0.184540656048854	0.701048302308494
YPEL3	2.4931901192595	0.0538360142805825	0.164787915311521	0.180494696920083	0.701048302308494
SLC9A3R1	2.49775290852904	0.0377134957101872	0.160836868018514	0.181994457241159	0.701048302308494
SMDT1	2.36056515611018	0.0517468938101734	0.164155105176879	0.180655397002128	0.701048302308494
PNN	3.62616320326459	-0.0720104621966647	0.169298382745978	0.186736118346788	0.705447558198978
KHDRBS1	4.46100019265532	0.074410484019922	0.169309692015266	0.189497946358492	0.705896607367862
LSP1	7.25929611991698	-0.0415516902444962	0.161541591981394	0.189969234041645	0.705896607367862
RPL4	30.8011589864883	0.107394133180725	0.16585380390395	0.189582450098208	0.705896607367862
RPL37	95.0937933384907	-0.110760882380958	0.156742211869424	0.195313561804249	0.717373223696867
TUBA1B	5.31257169491212	-0.0619567900200619	0.166570222654217	0.195871762489602	0.717373223696867
SRSF9	2.75725954820601	-0.0628864460349197	0.166707620341041	0.196222675893555	0.717373223696867
TAGLN2	19.1389939902925	-0.0830017387255811	0.169326939785517	0.197964834897851	0.719872126901278
SERF2	14.9524284786706	-0.104582768133891	0.163863896594795	0.199608187713112	0.721987061941043
RPS14	107.552886423746	0.110227347169878	0.126078525847677	0.203531702523779	0.724099512010888
RIPOR2	4.04650062201609	0.03547658690353	0.160070092047144	0.204451626920721	0.724099512010888
PPIA	23.0740331301584	-0.108916414040476	0.156764124691121	0.204009125726245	0.724099512010888
DAZAP2	4.48958501787535	0.0480341059900622	0.162632004902952	0.203425179513436	0.724099512010888
RTN4	2.55234925915521	-0.0533741895226854	0.163509013590882	0.207147915357223	0.726375965795303
ATP5PF	3.28249886714887	-0.0585688285115494	0.165211561922229	0.207230790241601	0.726375965795303
PARK7	4.44181655007552	-0.0635031891989283	0.165044091706121	0.223288983234583	0.729983214420752
CFLAR	2.45402462868408	0.0360556762842377	0.160022213962318	0.213514164443929	0.729983214420752
H1FX	4.60271079757767	0.0388508354157968	0.160645237782627	0.216946330865116	0.729983214420752
UCP2	5.77030988377416	0.0559744519784223	0.163399599218556	0.221210895310513	0.729983214420752
MAP3K8	2.44694836220931	0.0288077700707845	0.158852709818733	0.219336554161537	0.729983214420752
SLC25A3	5.89490510289341	-0.0719745730299332	0.167828192101489	0.209556966082016	0.729983214420752
ANAPC5	2.41027614257032	0.0524291234384717	0.163185376439925	0.216825343142527	0.729983214420752
HNRNPC	5.27088561651691	-0.0742648562876366	0.166933344178061	0.218214606548233	0.729983214420752
NME4	2.37975051778386	-0.0458430736396908	0.16211102130215	0.219934386574219	0.729983214420752
SCAND1	2.24140759894019	0.0510233560534414	0.162832831692894	0.218021621163059	0.729983214420752
OAZ1	9.04385006729072	-0.0678124115640002	0.165611420112457	0.220335461598125	0.729983214420752
EEF2	27.3568966574704	-0.0869639633175867	0.166555864033277	0.218996694985497	0.729983214420752
TRIR	3.34143198350096	-0.0650366091638923	0.16557711631856	0.215146875088463	0.729983214420752
FBXO7	2.40800042036794	0.0486097371974471	0.162352632377053	0.223146488613001	0.729983214420752
TMEM258	3.8665349485839	-0.0680068135752618	0.165628828134931	0.224749325802819	0.731241825578549
TMED2	2.96659937522345	0.0495249013802588	0.162273274841535	0.227643750052807	0.735215493885077
RPS19	87.5336918510111	0.103215636096701	0.141648375338228	0.228133042955516	0.735215493885077
PFDN5	16.9946031487745	0.0887024892524481	0.162376908857233	0.229921138617044	0.737482897450897
ID2	3.14223068146219	0.0260346467914218	0.158424174129417	0.235703983327921	0.75248220029571
RPL9	56.3733961305625	0.0965964245577748	0.153261188139862	0.239518239859168	0.753293123732108
RPL34	103.752542871855	0.0992297740077202	0.14529336729483	0.240983844445559	0.753293123732108
PSME1	6.85842365746057	-0.0660175403022591	0.163579809493018	0.24149691319647	0.753293123732108
RPL23	8.9139718746587	-0.0718029533479878	0.165098125363999	0.239045590895571	0.753293123732108
NME2	3.33153265642317	-0.0539367908784663	0.162871939723061	0.239918017843788	0.753293123732108
HIGD2A	3.42416613775839	-0.0602680326493384	0.163478177253786	0.245395508783707	0.761958657410598
MARCKSL1	2.43590500999735	-0.0423252416256388	0.160338333455984	0.267226859507073	0.76350531287735
CAPZA1	2.28048130704966	0.0395198757764879	0.159955390337161	0.252176246638245	0.76350531287735
UFC1	3.14460138761009	-0.0564231954744499	0.162233688581852	0.257428955646956	0.76350531287735
TOMM20	2.72837334247024	-0.0542339126963986	0.162071727498202	0.255334129933073	0.76350531287735
HNRNPU	4.5087432300764	-0.0632929047025235	0.162144912281442	0.263255022923433	0.76350531287735
HMGA1	4.23255349762154	-0.0458846072521201	0.161025739556546	0.261777351335633	0.76350531287735
DDX3X	2.61922491440866	0.0493090663602802	0.161034396231511	0.265748468464261	0.76350531287735
C8orf59	3.62133620920374	-0.0549563204320038	0.162406124631391	0.248399870107887	0.76350531287735
FAU	47.0776267443938	0.0961831505666734	0.145335293265301	0.248143006520523	0.76350531287735
ATP5MC2	18.2003884784572	-0.0838117116489134	0.168939084935368	0.26101678402507	0.76350531287735
LTA4H	3.14668307921577	-0.0536937985177472	0.161342108406468	0.266385339741847	0.76350531287735
ARGLU1	3.79859828508874	0.0410349163028829	0.159803966371731	0.264348911045847	0.76350531287735
RSL1D1	3.88190265396014	0.0576110216876834	0.162066017692017	0.259655975338599	0.76350531287735
SPN	2.5694495286261	-0.0484777707907393	0.160829966155945	0.265095152492318	0.76350531287735
FXYD5	20.7696508908262	0.0478998702655991	0.160782692925089	0.262557647411236	0.76350531287735
SNRPA	2.255659955127	-0.0443359668658643	0.160801088309068	0.256096458871719	0.76350531287735
NOP53	7.07732866572825	0.057542896185685	0.162008160630486	0.253839509703628	0.76350531287735
RPS5	50.7853783917342	0.0908997578067684	0.148150927993335	0.266867321193712	0.76350531287735
EIF3L	8.24207238833822	-0.0757049872911779	0.162753957053964	0.252893357919463	0.76350531287735
EIF3I	2.9373941300922	0.0493288077060695	0.160387656328663	0.278755359238461	0.780928532493502
JUN	12.4158315638031	-0.0423478994694152	0.159841546633112	0.280445979199901	0.780928532493502
VAMP8	5.11758899932185	-0.0642178267751811	0.160212359062128	0.286817223506789	0.780928532493502
RPL31	25.8198919350193	-0.0838955183228442	0.152424903104133	0.28456646607957	0.780928532493502
NDUFC1	2.20759760652249	-0.0433922877389568	0.160089846669818	0.275699178096963	0.780928532493502
PSMB1	3.84790750610316	-0.0540472356837653	0.160783351054438	0.275446095575553	0.780928532493502
CDK6	5.38913045376703	-0.0476763451084601	0.16030969919583	0.287278691655157	0.780928532493502
RNH1	2.20277259053158	0.023490977571977	0.157772083240986	0.288581499811694	0.780928532493502
EIF4G2	4.78592734506359	0.0443900379277355	0.159619205514917	0.285543131770123	0.780928532493502
AHNAK	2.90120650047852	-0.0395206031512984	0.159105072583887	0.289402926747592	0.780928532493502
EPC1	2.62620042127816	0.0420257801334344	0.159507971110412	0.285686713751386	0.780928532493502
RPLP1	166.926661439697	-0.0877075109073757	0.147495454445606	0.28354979475774	0.780928532493502
PFN1	24.5350885815596	0.0564321241669043	0.160506455621767	0.282172874827561	0.780928532493502
EIF1	22.7155904538822	0.0860437737705401	0.149955902294401	0.277757280357903	0.780928532493502
ITGB2	2.56554115469779	0.0251628767297411	0.157821305991906	0.293830747310226	0.789742720043296
ATP5MF	4.00510407131536	-0.0538802269003041	0.159728035553603	0.29810477308322	0.798075770459015
UQCR11	2.46037176937415	-0.0436214721819588	0.159574329292685	0.299303062926769	0.798141501138049
YBX1	12.5134477412107	-0.0688421252434519	0.158400233992781	0.300565595373268	0.798377362710242
HNRNPA0	3.611914447722	-0.0498417556164869	0.159259029030398	0.305183633064558	0.804359963115889
IER2	3.09244552920076	0.0329993689123926	0.15830290641506	0.30463346585581	0.804359963115889
HSPD1	3.48366130588386	-0.04162040858188	0.1592111783757	0.307279585953697	0.80440003419161
C1QBP	2.83610850889075	-0.0446109795376839	0.159360452967413	0.307564718955615	0.80440003419161
DUSP1	16.0548768297762	-0.0541791815899878	0.158801985765579	0.3106512241292	0.806270352701739
LAMTOR1	2.43221016931909	-0.0482037368974373	0.159286357122948	0.310408644229538	0.806270352701739
LY6E	2.46425117228933	-0.0388325075480198	0.158515457171833	0.314426415445277	0.812965636892731
CCNI	11.9302651947594	0.0702698998616301	0.154614496584162	0.316687780417922	0.815710949561314
COX6A1	4.72633141484124	-0.0477067782675662	0.158452853541921	0.319371423827934	0.819519125294322
HADHA	3.45576608863096	-0.0490345308873022	0.158599563019171	0.321004945771982	0.820614147086269
RPL11	102.582247202209	0.0817679676499003	0.126987512390629	0.32719199286675	0.827017118858547
TKT	5.5870420226936	-0.0563498776125934	0.157869754625508	0.329010738793083	0.827017118858547
VDAC2	2.63375419022832	-0.0423376418457528	0.158670023078943	0.325077407195015	0.827017118858547
RSL24D1	4.5362994071347	0.0494871191551411	0.158464690752365	0.328288374105543	0.827017118858547
ATP5F1A	3.48064757344425	-0.046198113724924	0.158473277508925	0.329590645898039	0.827017118858547
PABPC1	23.9779543178966	-0.0707336735079917	0.15182753564596	0.332696913404576	0.828300456179271
ATP5F1D	4.54862186290322	-0.0524642017320154	0.157852989397853	0.332955785282594	0.828300456179271
RPS15	77.1228845066983	-0.0807996624372968	0.12878509267743	0.333756360284	0.828300456179271
EIF3E	10.541347933698	0.0549706531658128	0.157393191463468	0.337092714281167	0.833538348040704
MYB	2.50373111971777	0.0299634361866433	0.157864019822564	0.339578228308522	0.833621643501066
ANP32B	6.33260249549809	-0.0569688243127227	0.157147902803981	0.339536784338919	0.833621643501066
RPL7	30.879016960698	-0.0699632919342236	0.150080698807603	0.344669394994287	0.843076217971637
RPL24	41.7096673115397	-0.0753932818160818	0.140601765333464	0.348702635976389	0.84569313341655
NDUFB4	2.93561268620196	-0.0456110618505369	0.157527125698904	0.350046058556402	0.84569313341655
RPS24	118.128063761468	0.0718545504773911	0.145279626345639	0.350713917093334	0.84569313341655
EIF3G	3.38559986632569	-0.0487101587622289	0.157185242384934	0.349156466871808	0.84569313341655
MTDH	3.69367183235917	0.0417293921474965	0.15739343641866	0.35202774795743	0.84586172654082
STMN1	5.80641401389163	-0.0335260160736273	0.157550764099929	0.362038369065453	0.846381741494886
SSR2	5.8871992184133	0.0542851258231516	0.155553324319135	0.357363830300867	0.846381741494886
RPL14	63.4479921817841	-0.0752421445925725	0.128126073647064	0.363050584552005	0.846381741494886
TMSB4X	51.4705047283601	0.0338854723233328	0.157400225486449	0.361045147032833	0.846381741494886
DRAP1	4.02617781623504	-0.0451459127013181	0.157150762212354	0.360016651482186	0.846381741494886
VIM	31.2356276898333	-0.0581400020429082	0.154252850737005	0.363446277230157	0.846381741494886
DDIT4	10.5248389117634	0.0122197229057423	0.156987698876942	0.356993912186415	0.846381741494886
PDIA3	3.3431211489395	0.0341824391574618	0.157241855216131	0.359542055107108	0.846381741494886
DDX5	11.1088774074073	0.0419951951914729	0.156899872372618	0.363393702857026	0.846381741494886
RPL3	74.8866851191504	0.0729405835403201	0.137091665015862	0.365804186228296	0.848965346877956
NDUFS5	3.17795273020333	-0.0429239983363573	0.15629072017419	0.380205999558409	0.853510857821646
YWHAQ	2.22474240867422	-0.0357812517468723	0.156320698867162	0.400380136193379	0.853510857821646
CALM2	8.9993533099045	-0.0544956850149905	0.153451833065452	0.378168427886258	0.853510857821646
COX5B	5.29274767835582	-0.0515619594150178	0.154529765029658	0.382146029709124	0.853510857821646
DBI	2.35878894877702	-0.0354348448186848	0.156329730054694	0.401529233587765	0.853510857821646
HSPE1	2.87947727986215	-0.0398361289806264	0.155932771775003	0.401126654729999	0.853510857821646
RPL37A	55.8518848223079	-0.0573330712044822	0.149157351290783	0.405989301558712	0.853510857821646
SERPINB1	9.57366642811761	-0.034945995705492	0.157048332101888	0.379268812814965	0.853510857821646
RPL10A	48.2474923715145	0.0560493007709243	0.151904095063994	0.38930154797151	0.853510857821646
SNX3	4.24571736512664	-0.0459630040576918	0.155590770570956	0.385421286689984	0.853510857821646
CD99	5.9209633529411	-0.0480255084649236	0.153491989534191	0.404333719492662	0.853510857821646
OGT	2.25991640623655	0.0269552239088755	0.156946376471376	0.37803132388795	0.853510857821646
ATRX	3.51496696740569	0.0330713870031969	0.15652068641994	0.398530762933686	0.853510857821646
RPL39	116.698712646534	0.0676435888254241	0.128004820033746	0.405459596753704	0.853510857821646
UQCRB	9.63232533158086	0.050339796641732	0.152894644989346	0.40667282049149	0.853510857821646
SET	5.38478972917483	-0.0501427040169276	0.153531398332133	0.39930622937703	0.853510857821646
NUCB2	2.89114847269372	-0.036173949690596	0.156444611490696	0.399653325643692	0.853510857821646
CD63	4.10248362384977	0.0389972964044037	0.156517764118404	0.3810016190676	0.853510857821646
PA2G4	2.46793486550841	-0.0327692614644605	0.156617900386669	0.398969803421754	0.853510857821646
N4BP2L2	3.74850196978464	0.0359194822022573	0.156001712697224	0.40240995617056	0.853510857821646
PABPN1	2.21995294294395	0.0347446432539528	0.156331037799059	0.406594881844726	0.853510857821646
ATP5MPL	3.57742509695201	-0.0417356999618319	0.155421376368774	0.406256649376754	0.853510857821646
DUT	3.12738622815262	0.0360207271661067	0.156585497174938	0.394285524414175	0.853510857821646
GTF2A2	2.49438013335941	-0.0316356816429488	0.157075541690072	0.370099679168589	0.853510857821646
CHD2	2.69140626092612	0.0350992680568994	0.15688412495244	0.374145579470774	0.853510857821646
GABARAPL2	3.56809483195145	-0.0318577483449565	0.15641100948775	0.400791147106144	0.853510857821646
MYL12B	5.42245651708672	0.0439070345983292	0.15640484758023	0.374992674445338	0.853510857821646
CALR	4.77549521521351	0.0358374376652102	0.156439471227827	0.392783044647363	0.853510857821646
PGLS	2.76094039313669	-0.0380265016505734	0.156627676391914	0.380606745271773	0.853510857821646
FTL	34.3013398242985	0.0625451226318206	0.142801327029569	0.40570150798302	0.853510857821646
MT-CO1	143.428809265839	0.0721379299169472	0.131648443075901	0.406191795699643	0.853510857821646
HMGB1	21.3532703573666	0.0420962501951213	0.155163977778319	0.409170134925457	0.85610982076711
TMEM50A	3.06260427747109	0.0298521965354992	0.156058983396268	0.417723876694326	0.856847073930183
TMEM59	4.06415163106418	0.0308859941686743	0.155791521383538	0.424314353712074	0.856847073930183
LAMTOR5	2.45587813165972	0.0345019847735169	0.155608245918168	0.427246554328346	0.856847073930183
SRSF7	3.47336654541428	-0.0328811925078997	0.155533879103877	0.429863385648921	0.856847073930183
PSMB9	2.2846881702034	-0.0318895862825341	0.15602001418702	0.415050238370353	0.856847073930183
GNB2	3.07775782120585	0.0332755590007668	0.155854075940325	0.414615325532386	0.856847073930183
SSBP1	2.53544583711238	-0.0342068948128557	0.155570102257329	0.426829241392059	0.856847073930183
RBM3	6.92258895614262	0.0457832146775451	0.153227683016517	0.423015658764977	0.856847073930183
YWHAZ	6.3634327647892	0.0390168359780033	0.154914841247177	0.417722087971985	0.856847073930183
NEAT1	4.34572767557568	0.0343875926827258	0.155872934490237	0.416932306550194	0.856847073930183
SRGN	7.62394398382663	0.029723425211043	0.156067244040595	0.430137072561292	0.856847073930183
CLEC2B	2.48771700800597	0.0239604537947322	0.15632189782154	0.421507940632037	0.856847073930183
ELOB	4.39761051722624	-0.0349830580127369	0.155718758098897	0.423222004576335	0.856847073930183
PPP4C	2.83136059873505	0.0271507436877428	0.156111052147452	0.424779475798127	0.856847073930183
FKBP1A	3.42571536104545	-0.0385657427018021	0.155501453116936	0.412909852529748	0.856847073930183
CNN2	2.91031834781672	0.0215977586730951	0.156450853557701	0.430943675417827	0.856847073930183
GMFG	6.17365904085418	-0.0473839340505444	0.151910597715494	0.427573338688873	0.856847073930183
LAPTM5	3.91222400119999	-0.037204359798674	0.154894076287132	0.435449263145738	0.860063052310441
RPL35A	71.2466616658386	-0.0585309594144879	0.141030690867878	0.437620317793254	0.860063052310441
UBE2I	3.92430122373435	0.0357590675680051	0.154724671064888	0.437301925059986	0.860063052310441
TSPO	5.4926495720718	0.0348373061685545	0.154825399626427	0.4375508100656	0.860063052310441
RPS12	163.537393545634	0.0598709669923815	0.133354348840926	0.443268874979476	0.861208099960125
RPL12	78.3976678822013	-0.0521300317135873	0.147604770762703	0.442216528414124	0.861208099960125
PPIB	7.03171759085064	-0.0424421769576174	0.152698365382591	0.441731982413044	0.861208099960125
HSH2D	3.07315188909783	0.0327864078324613	0.155305815136842	0.440936552844577	0.861208099960125
COX8A	3.60495311577623	-0.0357295908587929	0.154518001736838	0.445609546823694	0.863289150541629
SRRM1	4.21133254849388	0.0307859237545594	0.155050928715867	0.453914744519619	0.865338079774445
SH3BGRL3	14.5151129126122	0.0350991845314216	0.154290620912227	0.451415104148003	0.865338079774445
CNRIP1	2.9016950476044	0.0201391563824802	0.156310338527259	0.465597173145212	0.865338079774445
MZT2B	3.85682649821879	-0.0365356993832849	0.153993329005134	0.459754116343857	0.865338079774445
BRK1	4.44691385698118	-0.0390399153240694	0.153016559169684	0.45600775810461	0.865338079774445
ANKRD28	2.47853432544345	-0.0294814798188879	0.155754941287449	0.448090369995418	0.865338079774445
RPL22L1	3.84996238291812	-0.0272555362452021	0.155635959118067	0.459021280362698	0.865338079774445
HNRNPD	2.21254338472946	0.0300701076102737	0.155097413554634	0.461741759758475	0.865338079774445
RACK1	55.9105107371449	-0.0564025470643578	0.138059652772276	0.460549418640963	0.865338079774445
CBX3	2.40684582943881	0.0247065105209839	0.155929800822834	0.467028051878267	0.865338079774445
SEC61G	3.0179391078977	0.0336061342168363	0.154402425375962	0.464578234768609	0.865338079774445
APEX1	3.98163194179448	-0.0376016738647829	0.153626212116062	0.461401280836887	0.865338079774445
RTRAF	4.15693024024949	0.0364718188752493	0.153633569853553	0.466468225576297	0.865338079774445
GNAS	3.08835660726762	-0.032890993815692	0.154994136827366	0.452786907359552	0.865338079774445
PPDPF	7.68924974602822	0.039667632132591	0.152215435658966	0.467020896873976	0.865338079774445
SNRPD2	7.42191771721044	-0.0442194215044977	0.151371416116851	0.452610936265274	0.865338079774445
RPL28	97.0120336524357	0.0575271715598398	0.105479566030015	0.469399632252516	0.867368885683996
NT5C	2.23655802435169	0.0270006175381485	0.155264586382709	0.471990243791986	0.869792319183063
UBE2D2	2.66132090724342	-0.0284844347973777	0.154830355056621	0.478158143705095	0.873225580331316
GSTK1	3.68484513532587	-0.0285861097056055	0.154692115999162	0.475491467916893	0.873225580331316
TLN1	2.41019620156943	-0.0221911221354776	0.155579865283315	0.477192738112332	0.873225580331316
CFL1	17.5802459813652	0.0377435166913959	0.152034370176771	0.47898991391703	0.873225580331316
SFPQ	3.57890482312735	-0.0300074996842004	0.154460001303544	0.485199955887778	0.877928138909483
C4orf3	2.40989927936302	-0.0269724113220054	0.154790443060188	0.484009725842287	0.877928138909483
RPL6	63.3852300459604	-0.0562820497296687	0.124415228822672	0.485442617985244	0.877928138909483
KMT2E	2.6015846889789	-0.0305837001914782	0.154072188377604	0.48823623446453	0.87948292926786
EIF3M	5.03221377126067	0.0397720094735911	0.150789286595806	0.488889040093016	0.87948292926786
FAM30A	2.41976593378393	0.0229773564506126	0.15549401771406	0.491525895737528	0.879572655530313
COX5A	4.22880134699825	-0.0352097589294141	0.152475407936844	0.490681035079041	0.879572655530313
TRMT112	5.06775139857169	0.0374036322339046	0.15135318986729	0.493135198559448	0.880136312389566
RANBP1	2.36776265472835	0.0244553467837384	0.155329980291679	0.494817567966264	0.880827084337853
POLR2L	3.71931348621075	-0.0319205426750881	0.153171061718507	0.498348548271191	0.882492220896901
HNRNPA1	31.7755753918235	-0.0429016094365219	0.148278514961491	0.497209431993045	0.882492220896901
HNRNPA2B1	9.86253284060267	-0.040095342826632	0.149187189296122	0.50326929360841	0.888222039332515
RPL36AL	11.1243642117691	0.0418144733766505	0.147851576577224	0.50419662820934	0.888222039332515
EIF3H	6.07910722968437	-0.0407541662832203	0.14844822876308	0.5079648082695	0.892547983522636
CDC42	4.75655318530329	0.0225742118367943	0.155009469571447	0.513658375959995	0.896742932956963
CSDE1	4.56652255646364	0.0276785601990781	0.153729503163521	0.517473328537426	0.896742932956963
PBXIP1	2.49213513883129	-0.0231085853465024	0.154246952973004	0.539898984101683	0.896742932956963
H3F3A	24.4019917896605	-0.041554526890191	0.145345904115202	0.528131864417659	0.896742932956963
RNF130	3.33771285455515	-0.0259839940955314	0.153717842086203	0.541463325296036	0.896742932956963
ABRACL	2.77713222299102	0.0292196798257631	0.15331407238294	0.519472167241161	0.896742932956963
ANXA1	11.5953940163583	0.022943872237212	0.154557122462288	0.532048197397125	0.896742932956963
RPLP2	52.7137246619041	-0.0524487534468327	0.11917079851289	0.517709913952591	0.896742932956963
RTN3	2.18151180836016	-0.0244435055955779	0.154086741492209	0.537045445107093	0.896742932956963
ATP5MD	2.92166107395215	-0.0302475676468635	0.152546082317453	0.527443758928616	0.896742932956963
RPL41	192.46202460711	0.0495157823097087	0.0966761726801699	0.518007537104267	0.896742932956963
DAD1	4.09523741972167	0.0271020319972007	0.153176123563703	0.54291252807835	0.896742932956963
ARF6	2.53028926448545	0.0196292978200773	0.155001723884063	0.540476045241801	0.896742932956963
MORF4L1	3.26585380126152	0.0301208328640759	0.152796088338124	0.523978773781308	0.896742932956963
NDUFB10	2.34205608343521	-0.029510930337358	0.153376284509954	0.51534367385005	0.896742932956963
RPL19	100.354656837945	-0.0488279786780825	0.111425431340376	0.541640023564496	0.896742932956963
GRB2	2.18913380548323	-0.0189795103947125	0.155102637887783	0.543320718203336	0.896742932956963
SMIM26	2.3523796960749	-0.0260640910758898	0.154109479304304	0.520711748942702	0.896742932956963
RALY	3.25013381970842	0.025870141004297	0.15341414923692	0.541456973996933	0.896742932956963
RPL36	51.7853169309848	-0.04856764264904	0.124604854352136	0.5415567175696	0.896742932956963
UBL5	4.80335370795375	-0.0333507440785653	0.151317277109049	0.524377421064579	0.896742932956963
C19orf53	2.82320490105879	0.0277259316990316	0.152881168861317	0.53965734149426	0.896742932956963
UQCR10	4.12539795784885	-0.0271498597443897	0.15311298912088	0.536294406375922	0.896742932956963
EIF3D	4.15818671781844	0.0316479913666897	0.151190715345455	0.54026641588463	0.896742932956963
RAC2	7.50278333450307	0.0259319871154326	0.153437856113868	0.536286887387948	0.896742932956963
CAPZB	2.39167527115852	-0.0242309372619331	0.153325610460309	0.558843317631276	0.896816146863438
PTP4A2	2.28469450270692	0.0225407079271732	0.153984482416335	0.559602406994515	0.896816146863438
NUCKS1	2.49586537810182	-0.0248864959579072	0.15261293382434	0.573271915902139	0.896816146863438
SNRPG	2.70661904272295	-0.0241997794868094	0.152554938551253	0.580815944268942	0.896816146863438
ARPC2	7.17141014820739	0.027252794775164	0.151024725804915	0.578637326773799	0.896816146863438
EIF4A2	4.19187675365231	0.0230109053347762	0.153982861992085	0.549766103845012	0.896816146863438
HINT1	16.9894211607278	-0.0384654023681758	0.141730466956367	0.574429685795164	0.896816146863438
DEK	3.22861639462468	-0.0260202345753045	0.152135396377025	0.576308096391076	0.896816146863438
HMGN3	4.23599530031969	0.028729016193975	0.150407007283079	0.57813626382372	0.896816146863438
EIF4H	3.14601500864483	0.0229768730331913	0.153382277583321	0.571836923045902	0.896816146863438
SLC25A6	12.7945266433744	-0.038980725144868	0.13952451488706	0.580218873545925	0.896816146863438
MSN	2.787482949931	-0.0238698510328726	0.153548718815962	0.552564636205033	0.896816146863438
RPS6	104.787973481663	0.0414938440235479	0.139424341596567	0.561093182591148	0.896816146863438
TALDO1	7.06066726188409	0.0264801630864937	0.152774594836543	0.557831421863642	0.896816146863438
ATP5F1C	3.60706128631296	-0.0295477511896273	0.150636889413062	0.568496224821844	0.896816146863438
EIF3A	2.71374137565409	-0.0220047030997848	0.153649230341499	0.581634232358904	0.896816146863438
RPLP0	83.1957955201891	-0.0326901818589278	0.147275865193866	0.580521888999147	0.896816146863438
NFKBIA	3.99764059129045	0.0174442498934939	0.155244025284359	0.556661606222137	0.896816146863438
EID1	2.94083679137758	-0.0273745211722682	0.152103810359433	0.561974610375438	0.896816146863438
RPS27L	3.10058053434118	0.0245216681304473	0.152973439335275	0.564742388055975	0.896816146863438
RPS15A	98.3662403873167	-0.0439817345065492	0.116285789374799	0.582252312898107	0.896816146863438
EIF5A	2.91262717309785	-0.0246871271559372	0.15320107155715	0.566110485983689	0.896816146863438
RPL27	24.6767459389153	0.0407532241799077	0.139786060525276	0.564171274630489	0.896816146863438
P4HB	2.22288000012832	-0.0233960168222888	0.153768541429487	0.554886110582054	0.896816146863438
RPN2	2.40870350846029	0.0227792211558704	0.15351485136682	0.569184050707534	0.896816146863438
GPX4	3.52417067757527	-0.0250585590699873	0.152429400910928	0.582930495461235	0.896816146863438
ICAM3	3.39937904535583	-0.0253751025853345	0.15205204119405	0.579542060835574	0.896816146863438
CDC37	2.59430292666828	0.0248243218482027	0.152625988230497	0.573394097050448	0.896816146863438
SNRPD3	2.29341743785844	-0.02381957221447	0.153629160490736	0.557202538095836	0.896816146863438
SON	5.4442868552753	0.0287785532503432	0.150366883621172	0.575935598769685	0.896816146863438
RPS8	137.678821604145	-0.0373694703714862	0.138951859885325	0.595377448281086	0.897340531372871
CCT4	2.68540446079561	-0.0237268454067875	0.152151020164028	0.596954417829001	0.897340531372871
SSBP2	2.29230433636816	0.0138862350165801	0.15536255942407	0.59834454714277	0.897340531372871
C6orf48	2.54708866733152	-0.021353067216398	0.153076397279285	0.599164837320856	0.897340531372871
CHCHD2	9.27550127960355	0.029125666779696	0.149123566309915	0.594282827713623	0.897340531372871
STMP1	3.18818047470252	-0.0259465997753272	0.151468475576538	0.588725994298286	0.897340531372871
SAT1	4.22446878222761	0.0162942395133245	0.154932486245441	0.595470436449729	0.897340531372871
C11orf58	2.48620125203854	0.0174080502213295	0.15431621898525	0.602822883107	0.897340531372871
CAT	3.73765869925348	-0.0232463208404662	0.152179135153299	0.603065621819709	0.897340531372871
HSPA8	8.9656814520229	-0.0263971864340209	0.151196422263236	0.585743541327232	0.897340531372871
NACA	39.7308489082969	-0.0372775701361825	0.13860063676113	0.598915281459267	0.897340531372871
UBC	8.5554924805076	0.0278243563036329	0.15002141972692	0.589446687777709	0.897340531372871
ELF1	3.07443289572807	0.023310153672574	0.15237300631331	0.595475256889333	0.897340531372871
TUFM	2.9233682458211	-0.0246259703821667	0.15159280624683	0.601506016476493	0.897340531372871
VAPA	3.43293783720226	-0.0256308497182675	0.151533765844852	0.586707286821339	0.897340531372871
CAP1	2.65460851297995	0.0186666084351134	0.153447143736842	0.616823529937174	0.899480528770841
JTB	2.24145297173269	0.0203469000126632	0.153009100924565	0.611884064617372	0.899480528770841
KRTCAP2	3.00872929066267	-0.0226382205778733	0.151589047432467	0.620178153765065	0.899480528770841
PRRC2C	2.57564959016823	-0.0173999605133249	0.153594918327936	0.628628756422506	0.899480528770841
SUMO1	2.44665042039964	0.0191988057517135	0.152923780013496	0.63020299661301	0.899480528770841
BTF3	25.5300664641682	-0.031078253569189	0.143265838610856	0.629422011810439	0.899480528770841
NSA2	2.98024679907637	-0.0228339432792048	0.152205958110331	0.606822031270355	0.899480528770841
CUTA	3.42939210571942	-0.0216913694067447	0.151645981831347	0.631012516924719	0.899480528770841
SRI	2.59594036640931	0.01805110219096	0.153243353197863	0.633267077682267	0.899480528770841
NONO	2.31621157316921	-0.0201996679974894	0.153149323400002	0.616162842292676	0.899480528770841
RPS4X	129.74948356319	-0.0293661329266193	0.147125286577833	0.613956334680335	0.899480528770841
RPS20	10.69703411127	-0.0282138385444925	0.146745369500747	0.629907313337954	0.899480528770841
SEC61B	5.13099714781309	0.0285840077781351	0.148154852123135	0.611874046047972	0.899480528770841
NDUFS8	2.22345922772561	-0.0188854065972701	0.152952095266107	0.633604666590048	0.899480528770841
CLNS1A	2.98303686971964	-0.0243198231969893	0.151081423090735	0.61310116832656	0.899480528770841
TUBA1A	5.69829948130238	-0.0189456048401568	0.153166056994519	0.627761877480038	0.899480528770841
PRR13	3.65263541695553	-0.0239208650899731	0.150252837704152	0.62956485224017	0.899480528770841
DYNLL1	4.59843295009034	0.0251577832717552	0.148983726538657	0.63326310610614	0.899480528770841
MRPL57	2.83105164597129	0.0216701881860515	0.151615250271361	0.631426197813149	0.899480528770841
BSG	2.36429629033223	-0.0208044234271668	0.152715112949788	0.613213354745349	0.899480528770841
JUNB	4.69149638840603	0.0124579539448163	0.155545565690866	0.60790141712371	0.899480528770841
UQCRFS1	2.69208900351433	0.0223230743475202	0.151540588327149	0.627237392628499	0.899480528770841
MRPS21	3.70585416951173	0.0205636475048931	0.151441004884438	0.646669180938434	0.899792487265926
S100A11	3.50431721052072	0.0132379890152428	0.154778786976681	0.644470516386787	0.899792487265926
RPS7	67.6738520280508	-0.0374018559174764	0.121044422041713	0.635741646888044	0.899792487265926
LSM2	2.72509513781932	0.0191475224635948	0.152603470775689	0.644122853558092	0.899792487265926
EEF1D	14.1565093820857	0.0291288118058542	0.143087200362743	0.64469364468576	0.899792487265926
CD44	3.06362523177556	-0.0190983015277183	0.152102859869527	0.64665835225686	0.899792487265926
RPS3	118.098825449109	0.0348421798465612	0.130335715779804	0.645721927295679	0.899792487265926
RPS28	88.5163801050024	-0.0354387517059988	0.126255662727336	0.647056656283879	0.899792487265926
TBCB	2.660617370886	0.0178821969463499	0.152931353328734	0.644930404408376	0.899792487265926
ST13	4.87113251455561	0.0238937798345856	0.149787429637042	0.639836034551631	0.899792487265926
HMGN1	7.05523072160039	0.0261705416398283	0.146425828846572	0.653307655457591	0.906631032063595
PRDX1	3.14855981920205	-0.0202338545129202	0.151048053565738	0.656366929150275	0.90753444782431
RPL5	65.1369592800841	-0.0249243946593691	0.1402282766839	0.704074130465961	0.90753444782431
ATP5PB	3.21869526145524	-0.0201136616180781	0.150197117270735	0.675409951799541	0.90753444782431
PARP1	2.18140414381276	0.0161236053950965	0.152071827910082	0.694959402443608	0.90753444782431
SF3B6	2.57188140321808	0.017524243626851	0.152144242987461	0.677342176093441	0.90753444782431
ACTR3	2.81340999038913	-0.0148642402409945	0.152139915165718	0.708677634992218	0.90753444782431
GYPC	3.72070728111706	-0.0165843064317616	0.151071186449013	0.708407236138773	0.90753444782431
BZW1	2.26254179485592	0.0127284540346506	0.154355184554752	0.673997524986722	0.90753444782431
NCL	6.18631930801498	-0.019221385222177	0.150559652660587	0.680036898601089	0.90753444782431
RPL29	78.6710623888425	-0.0287251629875988	0.13250659095464	0.693613769253076	0.90753444782431
SPCS1	3.21484471724319	-0.0172187829014883	0.150739782805991	0.702305418370792	0.90753444782431
ATP5ME	2.2157831797255	0.0166711096232381	0.152426462823337	0.676595714234889	0.90753444782431
PLAC8	2.8218142618265	0.0166558851454315	0.152481963201516	0.674702536624749	0.90753444782431
RPS3A	117.587825641686	-0.0251711735162872	0.140035234663775	0.702946010441846	0.90753444782431
TAPBP	2.57085467267167	0.0127656181397718	0.15424776745255	0.677826449437562	0.90753444782431
NDUFA4	5.36517711996089	-0.021512092192407	0.148586116019775	0.680709254755566	0.90753444782431
EIF2S3	4.25276799189522	0.0219172416686911	0.149504238801939	0.661531046690701	0.90753444782431
XIST	2.19297329198814	-0.0146987309367849	0.152963957552374	0.693522184480418	0.90753444782431
SLC25A5	7.89989541592436	-0.0253848710897992	0.144514717970708	0.676027084853107	0.90753444782431
RBMX	2.81261650209736	0.0195972624343651	0.151144658059033	0.669564167527071	0.90753444782431
SARAF	8.78027464589238	0.0210327433035755	0.14817993345835	0.686830618308843	0.90753444782431
NSD3	2.17659751953148	0.0162275884224729	0.153324566848162	0.66002558170058	0.90753444782431
VPS28	2.63506773871933	0.017664896855679	0.151626458517398	0.68397474424694	0.90753444782431
RPL8	59.4438829648702	0.0295866639109008	0.11839970488073	0.707807753055492	0.90753444782431
EIF3F	7.23526457779753	-0.0264895315887173	0.14423951404872	0.66497647355651	0.90753444782431
UBXN1	3.66923863753625	0.0174740846988728	0.150833254541546	0.696978646439135	0.90753444782431
TMEM123	3.31716716776882	0.0151350623526418	0.152849284623407	0.687836502487616	0.90753444782431
CELF2	3.09160712400245	-0.0174150722614248	0.151197472568669	0.69286673740293	0.90753444782431
EIF4B	4.32371375557751	-0.0183714909023336	0.150014458129154	0.699059785453853	0.90753444782431
MYL6	11.5450666190681	0.0235602780982499	0.144552682687186	0.693881319062093	0.90753444782431
HSP90B1	2.94997902341824	-0.0168766839524661	0.151981564206811	0.685300460396946	0.90753444782431
RBM25	2.82727292231813	0.0158926280544517	0.152176844541493	0.693817104688435	0.90753444782431
ANP32A	2.55835824272309	0.0154720711326676	0.151994368343694	0.708334921913885	0.90753444782431
TRAPPC1	2.99116294674139	-0.0179546260181868	0.150709084914418	0.695290408127038	0.90753444782431
CIRBP	7.64576203836311	0.0253632455023091	0.145220696578468	0.668243485257463	0.90753444782431
C19orf70	2.32525007062423	0.0120424334753442	0.154814015316699	0.663797440789639	0.90753444782431
JUND	2.55027615893432	-0.0155925537984688	0.15215454266899	0.700757492561208	0.90753444782431
EIF3K	7.55789707836766	-0.02155428111249	0.145442664919094	0.707552014204362	0.90753444782431
EWSR1	2.32859658637502	-0.013736078189335	0.15367717014055	0.688654320238009	0.90753444782431
CCT8	3.19389140936522	-0.0186940096761753	0.15087499306203	0.681863793990991	0.90753444782431
SOD1	2.90533367284926	-0.0200617443492819	0.150901722478901	0.663847200567061	0.90753444782431
RPL35	34.9607355077821	-0.0279431220415075	0.128655061111106	0.710498932004773	0.908156529630161
CNBP	4.93138304394065	-0.0188411912503171	0.148276029740626	0.714361614358421	0.909407196955409
HIST1H1E	2.28075265370159	0.00986929563153918	0.154854253521786	0.713779684754918	0.909407196955409
NDUFA1	3.85232324249849	-0.0180266756359403	0.14912329623287	0.715489485839917	0.909407196955409
PSIP1	2.62307189332142	-0.0145754913886735	0.151943262616858	0.717599451605309	0.910387363976885
GNG5	4.54830017684292	0.0177026461618017	0.14922430505125	0.721486207027031	0.911915652004426
CD69	8.93896294185752	0.0111706811192993	0.154083419276899	0.720218044398158	0.911915652004426
WASF2	2.90897534086209	-0.0145045380687727	0.151572170279716	0.727624780307686	0.915163828772144
ITGA4	5.09942059069983	0.017720663080913	0.148258641780336	0.7293624206338	0.915163828772144
RPSA	49.654554615588	0.0274351976134079	0.119658523422717	0.727379323177227	0.915163828772144
RPS16	40.8332092774922	0.0261603461642973	0.128584230517082	0.729439404697797	0.915163828772144
RSRP1	3.14508508724767	-0.0116196303227907	0.152091807421726	0.763557853867229	0.916779232550053
ZRANB2	2.24345646447883	-0.0109591884742504	0.151940385841231	0.778519842739519	0.916779232550053
PTPRC	3.82797351540349	-0.00973201205541473	0.153339234652832	0.766098046577076	0.916779232550053
SNRPE	2.84714531046598	0.0129793175402782	0.151823654969889	0.751464098297462	0.916779232550053
RPL15	58.2726053039587	-0.021788898646458	0.140173789345385	0.739966305504816	0.916779232550053
RHOA	8.4018210731304	-0.0179264699985558	0.143448739873976	0.762868180657208	0.916779232550053
GATA2	2.74502126705139	0.0105355077898928	0.154169194901219	0.735712844815901	0.916779232550053
H2AFZ	4.87073616018041	-0.0118292766177801	0.151566469111273	0.774849903980949	0.916779232550053
TBCA	3.88145458914391	-0.0106361744820949	0.151593131024739	0.790760995017493	0.916779232550053
RPS23	136.911162757837	-0.021049687413943	0.120569552711593	0.785798078068172	0.916779232550053
VDAC1	2.61700574686298	0.0125682132900507	0.152242280619805	0.746843660147944	0.916779232550053
SKP1	6.69503088276988	0.0138491172911594	0.147481053102309	0.790435136570794	0.916779232550053
PAIP2	3.40885462838769	-0.0142486076326736	0.151185959845669	0.735682266593424	0.916779232550053
NPM1	26.8567544713883	-0.016368209545779	0.146974944563396	0.760010599190673	0.916779232550053
NHP2	2.6570789316251	-0.0145269430320402	0.150446466134956	0.746692090313148	0.916779232550053
CANX	2.37858269012029	0.0130797957846681	0.150799763824054	0.766486091382902	0.916779232550053
HLA-A	19.3818321238886	0.0144526810978141	0.15045073302215	0.747894351837453	0.916779232550053
PNISR	6.42979407017789	0.0160208868411302	0.147051252646192	0.765679916454008	0.916779232550053
AMD1	3.93439283876253	0.0130453199183213	0.149132874933559	0.78802305069014	0.916779232550053
PLP2	3.41449204997006	-0.0121225165643574	0.15195362809969	0.75825709222571	0.916779232550053
PGK1	2.70610544633435	-0.0125204731801148	0.152622999026152	0.736907114982361	0.916779232550053
SH3BGRL	5.2665524553147	0.0172153450357204	0.146922415368818	0.7521817427321	0.916779232550053
HSPA5	2.82560053256	-0.0104729406124796	0.152575144430798	0.773728123932126	0.916779232550053
RPL27A	18.0868088160958	-0.0213207503682668	0.136693822911583	0.761390421200116	0.916779232550053
RPS13	79.0636033082335	-0.0213933564343077	0.124180934911551	0.776528110932196	0.916779232550053
ATP5MG	12.8094305067757	0.019083617448071	0.140814888102846	0.76580888969024	0.916779232550053
RPS25	63.02788102888	0.0226414624843263	0.12210523601501	0.770999474317748	0.916779232550053
ARHGDIB	15.6536068743761	0.0203138437555235	0.140274325010298	0.752957605319927	0.916779232550053
SNRPF	3.06760939199799	-0.0128783841735031	0.149988519092514	0.778951006064608	0.916779232550053
COMMD6	8.18742633909498	-0.0168110540230385	0.147003465482742	0.75226110021911	0.916779232550053
MRPL52	2.38760095445455	-0.0139041611070554	0.150975956134601	0.749055584431386	0.916779232550053
SRRM2	2.5761368749403	-0.0110715450108259	0.15193174535004	0.778605038279454	0.916779232550053
ALDOA	3.83343557226632	-0.0143842740590771	0.149760030593982	0.759897623911671	0.916779232550053
LIMD2	5.11985799365686	0.0139278066285063	0.147966705663676	0.786101883684447	0.916779232550053
SYNGR2	3.16609359780722	0.0138325012344762	0.149518466352932	0.769226729093657	0.916779232550053
RPL17	5.78964401757256	-0.0128299549695667	0.15096212976015	0.767798518237515	0.916779232550053
CST3	3.03349789182779	-0.00628250892166936	0.155102195169305	0.790789765924192	0.916779232550053
ERGIC3	2.55333389810528	-0.0128916792564913	0.150991569434922	0.763801660047988	0.916779232550053
ALKBH7	2.85627230522483	0.0137117699253762	0.150549204117431	0.758088752173749	0.916779232550053
WDR83OS	4.43643174674731	0.0117596473484337	0.150301590502159	0.791396190451296	0.916779232550053
FKBP8	2.64332688854003	0.0116094641114188	0.150775670796051	0.790634569868574	0.916779232550053
FBL	2.64869605800018	-0.0120491543944508	0.151546413455292	0.771525078455848	0.916779232550053
CD37	9.76478128712164	-0.0177790792218513	0.146070708075019	0.747499992669246	0.916779232550053
RPL13A	37.5853242458679	-0.0202676684845441	0.130222757417417	0.782828130862826	0.916779232550053
TTC3	2.55263634873763	-0.0115774392975338	0.151186641127139	0.783041615183588	0.916779232550053
SNHG8	6.49748217143318	-0.0135276871157873	0.147516177395971	0.793923361570554	0.918142663040776
LDHA	5.08570903540997	0.0121928728412467	0.148979966771878	0.801314079200856	0.925116424204723
RPL22	38.109380630908	0.018860676442398	0.12433534175924	0.805794860857233	0.925575178011687
POMP	2.44931581815199	-0.00953551104687963	0.152041975017685	0.805105764703834	0.925575178011687
CDK5RAP3	2.17612631841343	-0.00902572619524981	0.152387059105431	0.805394277697941	0.925575178011687
ARL6IP4	3.18517162754036	0.011279123215906	0.149475166727147	0.810905891863523	0.929875221698475
COX7A2L	2.62826076595317	-0.0099614304947803	0.15056696167554	0.818941017393014	0.935932591306301
TPI1	6.81069561571993	-0.0108675652502633	0.148991093673225	0.818660811246251	0.935932591306301
MTRNR2L12	29.5492138975007	-0.0110812582452676	0.148146770086088	0.821067867155039	0.936788841720514
LSM7	4.80164544975062	-0.0107470040762184	0.148792644370102	0.823623425918455	0.938130535384505
ERH	3.02534767457631	-0.00884600715989139	0.151234151134426	0.827976530127797	0.941511773389468
SRSF5	8.36843594042267	-0.0113029134644715	0.14643997138212	0.830098354276394	0.942348716039979
SERBP1	5.03772352705225	0.00997035867649737	0.149493795250592	0.832475925459565	0.943472715520841
COX7A2	4.97052097718125	-0.0107015243071445	0.146509881996302	0.83892369610969	0.94448363138177
TMBIM6	2.94804040273968	-0.00897242924397663	0.150380049258262	0.835203511008204	0.94448363138177
PEBP1	4.7960444028364	-0.00937522936086686	0.149848918563623	0.836493819170126	0.94448363138177
ZFAS1	10.7072642662508	-0.00962345664977684	0.149046023635558	0.838564776490269	0.94448363138177
UQCRQ	3.38260518972138	-0.00913442455359661	0.14899266826211	0.848063462882343	0.952218828735778
TAF1D	2.58133001004832	-0.00804201191902742	0.150854429766163	0.849995336827378	0.952218828735778
UBB	7.72601441352763	0.0112041224409041	0.143616172752508	0.848623513508423	0.952218828735778
TPM3	6.03108793502452	0.00778933168371004	0.150321300026464	0.857621576316553	0.955656268524116
SRP9	2.63276247407256	0.00817951919430407	0.149622504185597	0.858685264806228	0.955656268524116
RPS18	107.488444498085	0.0121812727720634	0.137250138860874	0.858022077228951	0.955656268524116
ESD	2.55786982112461	0.00792722926925672	0.150308656481588	0.857039957513717	0.955656268524116
HP1BP3	2.63444515408372	-0.00690683250873027	0.151338462762555	0.866326620391835	0.957889596530809
LDHB	11.5638858430365	0.0107569507447603	0.140795637677876	0.864590185990261	0.957889596530809
PSME2	2.95352419205389	0.00588029087854866	0.1528743792378	0.863495097719824	0.957889596530809
PSMA7	3.7831482165527	0.00710841586495692	0.151036842024739	0.865185958890405	0.957889596530809
HNRNPA3	4.35728092002284	0.00789009452758087	0.148132257147664	0.872217598959992	0.962837609241549
SNHG7	4.36979990069752	0.00580842525449059	0.152647077138508	0.873690555485589	0.962900450129985
HMGN2	8.4850197973762	0.00686924152570361	0.147860097959494	0.892387560889888	0.963211970484324
GUK1	2.33188563024637	-0.0050451604503174	0.152595625684045	0.884161517788696	0.963211970484324
PCBP1	8.11783428940435	0.00850203785925549	0.145127634767509	0.878394469826156	0.963211970484324
TMSB10	47.6872448547899	0.00736784254456185	0.147083875238551	0.888351801037643	0.963211970484324
UBXN4	2.76643184092376	0.00544338283901713	0.152402920271408	0.880724985119461	0.963211970484324
ARL6IP5	2.52572553930412	-0.005780024742811	0.150603240940399	0.890602976944976	0.963211970484324
CD164	3.30054233161221	0.00661934632064734	0.149926435265395	0.88167973921142	0.963211970484324
C12orf57	5.35068680274226	0.00713035108002128	0.147680875140424	0.88896410797087	0.963211970484324
SCAF11	2.53756059140559	0.0047626882435902	0.153568804461804	0.878286546639427	0.963211970484324
AC084033.3	6.96789531513735	-0.00439015035392502	0.153479921667585	0.888971796357468	0.963211970484324
RNPS1	2.61679519290052	-0.00533718879123272	0.151597096455049	0.889547762718397	0.963211970484324
HNRNPM	2.54599962919114	0.00585465625508908	0.151382325469109	0.884073610536185	0.963211970484324
XBP1	2.6729669023528	-0.00571527501272094	0.150907496927847	0.891943686272733	0.963211970484324
RPL32	128.220479048218	-0.00922688213643361	0.129674571879768	0.898079278887549	0.963235036474792
SRSF3	4.40414195653406	-0.00551379028819634	0.150047408767073	0.900035790343498	0.963235036474792
ATP6V1G1	4.39888211520454	-0.00628878202298898	0.147326954729431	0.90016384016408	0.963235036474792
KLF6	7.13976179491781	0.00507617419236234	0.151308868993169	0.900908063526423	0.963235036474792
HNRNPH3	2.52283385709237	0.00534785008034584	0.150903825684353	0.898267682285994	0.963235036474792
PCBP2	14.435029418172	-0.00820139230026	0.138338611546889	0.898418775002402	0.963235036474792
SEPT7	3.77440408529945	0.00462005802267714	0.151877586483292	0.902718845437825	0.96365591035749
SNU13	2.69998876366458	-0.00458265583678083	0.151556072674925	0.905089045475782	0.964671709911492
TMEM14B	2.41103762734072	-0.00448507902151981	0.15152139992884	0.907841721770001	0.965992321328759
PTGES3	3.36554597223201	-0.00540110463444737	0.148628354901244	0.909169243603538	0.965992321328759
RPS9	51.4374810008272	-0.00806497127850164	0.125465390726709	0.913531363432799	0.969112834842907
SERP1	5.80469139336369	0.00527736476333765	0.14710134293255	0.919520790624246	0.973947254866802
ILF2	3.37392604258173	0.00454569992070293	0.148874723079134	0.924093326885723	0.977268215057996
RPL18	69.9816405246645	0.00738033591256945	0.110103616441545	0.926051977483935	0.97781885821285
SSR4	4.55913200786227	-0.00372316439961832	0.149412906475764	0.932891846142003	0.97904441532469
NDUFB9	3.07339319503231	0.00386843571028255	0.149355933299987	0.932723071272941	0.97904441532469
RBM39	4.65523835235821	0.0042708168585613	0.148448716302908	0.929597375624463	0.97904441532469
MT-ND6	7.22124679799536	0.00424057092970136	0.147816102020345	0.93297173695647	0.97904441532469
SF3B1	2.25475085940529	0.00340292053318446	0.150957817392314	0.934694906788652	0.979341350718464
RPS11	22.2339059235134	-0.00574390706637817	0.130194049713807	0.936184585521137	0.979393104852882
ATP5IF1	3.59854144265203	0.00225979794985005	0.150475648730282	0.958369553913526	0.984028750729722
ARPC5	2.63460117956258	-0.00181284035362799	0.151772307778574	0.960875133065493	0.984028750729722
DDAH2	2.95531182400455	0.00201210071346452	0.151501291712764	0.959685325063641	0.984028750729722
CLIC1	12.1656898447998	0.0037253583516917	0.142876475281485	0.950602188128173	0.984028750729722
FIS1	2.46672694988323	-0.00203482790566211	0.151054268701751	0.959321349186634	0.984028750729722
COX7B	3.25885172312407	0.00214310316239097	0.150130283396032	0.960830420469996	0.984028750729722
COX6C	5.72909822287537	-0.00307365405782567	0.143759558488491	0.956582444361988	0.984028750729722
C9orf16	4.0476917940972	0.00284871074404981	0.14735829030439	0.955590475697802	0.984028750729722
GTF3A	2.65907711590683	0.00270649042274709	0.149932422363314	0.952030232303682	0.984028750729722
POLR1D	2.96754536611579	-0.00253546422775405	0.150193415274627	0.949721319216399	0.984028750729722
NEDD8	2.33389876237516	0.0029002052455786	0.151364863277398	0.94234836573488	0.984028750729722
YWHAB	5.25341459028679	-0.00185573996451888	0.151447615848394	0.96050970863233	0.984028750729722
RPL18A	90.4912783373246	0.00456683168295723	0.125543902331734	0.953148439916059	0.984028750729722
DDX17	3.97649941815729	-0.00220501348552147	0.150147611924635	0.958294108409186	0.984028750729722
SOX4	9.40814559796891	-0.00152353898975207	0.151653334630762	0.966100865646339	0.984930417750391
RPL7A	81.6203599250763	0.00348272834001144	0.121237248033651	0.965608399777459	0.984930417750391
SUMO2	9.12690906624363	-0.00267178638226505	0.14163629220103	0.963909438357174	0.984930417750391
CNOT7	2.39991119457353	-0.00132640764077683	0.15088810370801	0.974021958728795	0.985617458237471
RAN	6.73366586766472	0.00166671177289744	0.148194152893852	0.973799573873681	0.985617458237471
FUS	2.59551174407327	0.00148512539368291	0.151533191098758	0.970255182421822	0.985617458237471
LUC7L3	4.59778526065813	-0.00176595720550127	0.147691227139841	0.970060157749828	0.985617458237471
NDUFB7	2.41228161445509	0.0013528530131457	0.150983413698953	0.97384946615165	0.985617458237471
PYURF	2.39457924198878	0.0012335905168513	0.151211805663628	0.97615524527632	0.986308420190042
PDIA6	2.44810651060744	0.00113043777572604	0.151259400512473	0.977886706407631	0.986591929313337
UBA52	26.2924118176123	0.00191262566512174	0.128800610100879	0.980786807237982	0.988051894699004
RBBP4	2.7114364584445	0.000730927926015769	0.149431206942509	0.987790714653843	0.993343836380467
EEF1B2	37.9493224054741	-0.00056430283202082	0.133620137963121	0.991883036621084	0.993343836380467
PTMA	49.2160350981141	0.000828287963976135	0.138410273375583	0.991484727303553	0.993343836380467
COX4I1	13.5802156518227	0.000769828224095306	0.139265451819779	0.991488701967526	0.993343836380467
TCEA1	3.04356168476944	-3.0922358541169e-06	0.151066268471792	0.999168512970421	0.999168512970421
