""	baseMean	log2FoldChange	lfcSE	pvalue	padj
B2M	461.695298897169	0.198996512963553	0.0417303353883871	2.63414813276946e-07	0.000186497687800078
RPS27	280.860657622475	-0.311779513553273	0.0740162516863367	1.78081957591876e-06	0.000500507814451101
PTMA	72.2735607629786	0.307537680200815	0.0749048205692504	2.82772776526046e-06	0.000500507814451101
FTH1	62.3078100692836	0.487596646352881	0.119676574855946	2.58967374005666e-06	0.000500507814451101
MT-ND3	195.847391574171	-0.552216908893917	0.147253886196681	7.18594504645514e-06	0.00101752981857805
RPL37A	71.1476517782673	-0.322023960971192	0.0847763884113791	1.00733905570834e-05	0.00118866008573584
IL7R	49.8804883752024	0.464005462762714	0.125677258380332	1.32737723510876e-05	0.00134254726065286
EML4	6.77544848132197	0.607415113031595	0.17573926400143	2.1319406406619e-05	0.00175934600222804
RPS13	129.363824175688	0.182031465728245	0.0477128420496322	2.23645678249327e-05	0.00175934600222804
MT-ND1	93.8848944564413	-0.402451366087503	0.123901792584213	5.85302064179985e-05	0.00414393861439429
RPS18	175.440541300186	-0.234394645949738	0.0724835359118269	0.000108645272072887	0.00699280478432761
DBI	4.91118970088104	0.526112724027162	0.180940184383442	0.000145245711823468	0.00856949699758459
CST7	26.5666874193235	0.293905702403606	0.099772600499572	0.000205497658734181	0.0103923101702714
MT-ND2	55.8076285996219	-0.330374331845542	0.113912727061622	0.00019583110548267	0.0103923101702714
RPL12	114.20307429751	0.219920677963002	0.0716756630813726	0.000236661062817382	0.0104722520296692
ALOX5AP	9.00930051008431	0.429248291154637	0.153917615611468	0.000236519342856844	0.0104722520296692
GBP5	7.53540878259724	0.561809412587318	0.221540997816487	0.000362450640964101	0.0143124709899156
ERN1	6.50256772985696	0.475349840457654	0.183436968211178	0.00036387638109955	0.0143124709899156
RPL27A	29.8194465378323	-0.365223077763694	0.137956082276892	0.000407944468474622	0.0152012991410543
MYBL1	8.26613532944887	0.444501619045446	0.186495851046603	0.000724408126033909	0.0256440476616004
G3BP2	5.110314534258	0.444281999995857	0.201737447126395	0.000950610056723996	0.0296583368624086
SARAF	22.0374379929692	0.240638412941963	0.0952625380634245	0.000948865462498401	0.0296583368624086
PPDPF	21.1674197716724	0.291531330801953	0.121732888387841	0.000963477044965251	0.0296583368624086
ANXA6	5.26700575476635	-0.468403413344358	0.212861173404171	0.00126306341361713	0.0357699558736372
RPS6	124.558060066872	-0.176104301522536	0.0667302199032265	0.00126044975151664	0.0357699558736372
RPL37	141.934018231222	-0.153297170188612	0.061217758358177	0.00204108427855168	0.0456386361689639
SKP1	9.85611778829736	0.284002704167957	0.137462848570615	0.00219168591771861	0.0456386361689639
MALAT1	633.826049486344	0.271435326182172	0.126399817631832	0.00210818249820289	0.0456386361689639
BTG1	45.2965971188105	0.213174317431926	0.0937512370377388	0.00217095279139395	0.0456386361689639
TRAV1-2	8.08255035495037	0.612162669297952	0.317877680373423	0.00191356026572087	0.0456386361689639
FUS	7.12577810895293	0.342734496632668	0.177558307668343	0.00218039585481127	0.0456386361689639
FTL	59.6864011846599	0.178149685121349	0.0734716012558607	0.00210290855631971	0.0456386361689639
NOSIP	8.45668621019822	-0.405590680768034	0.201345667178595	0.00181546804432316	0.0456386361689639
RPL3	120.857274468158	-0.191552840177315	0.0802293658795796	0.00215671942712068	0.0456386361689639
FAM49B	4.27713689232185	0.435365041969248	0.244522943020105	0.00226408872482734	0.045799280490793
H2AFZ	4.77906908282106	0.385928415171676	0.213206201713006	0.00235006708559448	0.0462179860166915
RPL38	34.2749090568141	-0.249011006915451	0.123627688973265	0.00291646685391362	0.0558069873667795
MGAT4A	5.72156415603807	0.357996453248318	0.213690833492843	0.00318807846882021	0.0566609057324145
SLC4A10	5.72264069024106	0.434269170191058	0.27093048976552	0.00307986774153149	0.0566609057324145
MT-CYB	224.396787458376	-0.230184673547818	0.114280643543814	0.00320118111482568	0.0566609057324145
P2RY8	5.6510852247348	0.3468083584988	0.24010049927039	0.00407400734544927	0.0703511512336118
RPL15	80.8422571905797	-0.125259153955364	0.0503162954972024	0.00436434729544652	0.0718594857017706
RPS29	73.3381555515724	-0.354953035813019	0.261418723434967	0.004277047588189	0.0718594857017706
ISCU	4.56290196009487	0.325116676488931	0.219420136658174	0.00464554497975019	0.0747510419468894
S100A4	84.7456030186809	0.168384542687313	0.0799847124122319	0.00486918954048541	0.0749431781448624
SUB1	9.02767860930593	0.261772297482712	0.159414574098681	0.00486855591984292	0.0749431781448624
ARL6IP5	6.31359669813262	0.285646968544169	0.183495185289814	0.00500289250581441	0.075362721151417
RPS3A	160.0486020468	-0.145346029864114	0.0639610627622778	0.005222452749549	0.0770311780558478
PSMB9	10.0345587729717	0.248326652810684	0.150451590537087	0.00537703957115514	0.0773228578035983
RPL13	266.802134781022	-0.131509827833036	0.0575829148088454	0.00546065379968915	0.0773228578035983
SPOCK2	13.1282399585812	0.275843844444384	0.196657328729347	0.0066306515430842	0.0902788710096849
MT-ND4	82.0408196768817	-0.290667519834694	0.229560042121653	0.00657666809233575	0.0902788710096849
SP100	4.41615694034145	0.293718616021759	0.240664597386711	0.00691286341918838	0.0923454207695354
S100A11	8.16416723330155	0.288425427732469	0.244586684216207	0.00727470643556808	0.0953794843774481
TOMM7	24.363352879055	-0.168219151811417	0.0880095538240435	0.00765395245648176	0.097600024833986
RPL23A	105.505566515295	-0.124806586864142	0.05715120285943	0.00771977597556951	0.097600024833986
PBXIP1	5.3141910894305	0.283620773123861	0.268484556631379	0.00837612973406041	0.102246549167496
GAPDH	33.1758644709699	-0.162751691481265	0.0863509314851484	0.0082778180579512	0.102246549167496
DAD1	6.65934911833234	0.25407962900176	0.253159084098609	0.00932706000660888	0.111924720079307
CD52	54.3911733093782	-0.177526624377132	0.105453827614182	0.00973046400298087	0.112450355329511
SAT1	4.98505304571526	-0.27403368751852	0.41150361018741	0.00983409967904646	0.112450355329511
YPEL3	5.85775622115815	-0.275477896918934	0.268151683590991	0.00984734750060688	0.112450355329511
RPS23	173.943745218624	-0.0967869645277417	0.0432869672369642	0.0105631709216002	0.118709920833221
SERF2	34.2426768611123	0.1495909066173	0.0821081992499881	0.0107494250054145	0.118915514122398
C12orf75	4.84755165489928	0.223851681829288	0.336029698007027	0.0115851841666834	0.122422543134505
TPT1	194.073435148723	-0.142751785156858	0.0767012689891769	0.0113151127310194	0.122422543134505
ITM2B	21.663267760761	0.164924833796261	0.0993366705983815	0.0115532552353667	0.122422543134505
EFHD2	5.5705287874098	-0.105038039976662	0.193092891680153	0.0126077177571782	0.128429239715149
SH2D2A	6.0514464850137	0.169958387580116	0.383715333151438	0.0123669188726429	0.128429239715149
IFITM2	20.1872587256235	-0.179285811982547	0.119951460578506	0.0128792034177621	0.128429239715149
KLRD1	6.41741977320889	-0.0649747553228666	0.121277357688487	0.0128541936585435	0.128429239715149
KMT2E	7.75746429608588	0.198671572663581	0.169983548732196	0.0135943025702848	0.131846112599474
AHNAK	11.2125865635752	-0.207589810960095	0.195633963784226	0.0135425604117886	0.131846112599474
FMNL1	5.15720197026366	0.20312848488139	0.277626458652037	0.0138910817490294	0.132903863220444
HNRNPK	9.37987430049573	0.184665106310046	0.141561763378041	0.0146165240803181	0.137979987318203
GPR65	7.06543239154774	0.191580453594828	0.237185216129778	0.0151455935175749	0.141093160663724
HP1BP3	5.32159288629674	0.186718960344342	0.26534576690595	0.0154127923773126	0.141717623417368
CCL4	6.76132388871009	-0.0510324633212895	0.106050094907571	0.016383869413291	0.148715122366796
ATP5MG	19.8056802332201	0.149848380560086	0.0969848431255434	0.0169942691444606	0.150746926805279
CD7	17.4299871475448	-0.17678345053016	0.139623226197525	0.0170335510514439	0.150746926805279
RPL4	42.4826427670077	-0.137897351326656	0.0817475891837044	0.0173593670722593	0.15173372700197
TNFAIP8	4.69134346957009	0.163537980779962	0.245788407434026	0.0187959457616201	0.1609166393386
PAXX	10.89921361191	0.164412837972774	0.133138806376559	0.0188645212783952	0.1609166393386
RPL9	87.6184558508049	-0.108285015483563	0.056735726034799	0.0193017535360821	0.162564586917331
SLC9A3R1	5.80832573670891	-0.153873470526674	0.273033162618998	0.0195169348700185	0.162564586917331
SCAND1	4.74890279608261	0.156558140626921	0.235857827465032	0.0199903108870256	0.164571396604815
IL32	76.7990575850646	-0.156637220587866	0.125425621313303	0.0211029251672889	0.171734149637247
S100A6	40.9962087719162	0.145179286545788	0.101785308841305	0.0214601114602794	0.172656351294066
YWHAB	13.4408251932297	0.161542761166075	0.149334579952463	0.0217884406483345	0.173328269427201
SLC2A3	5.50541407819685	0.0972557637086843	0.164923982951225	0.0222665762938991	0.175163733512006
SRSF2	6.0646921611337	0.141262236112453	0.210969942988693	0.0228524054529895	0.177026128284858
MT-ATP8	46.4448373626795	-0.0573154183958773	0.111196196112877	0.0230033952008573	0.177026128284858
SNHG8	7.60413395872689	-0.119028165823724	0.194157174994696	0.0237591727436145	0.17895206704765
RPL27	45.4053867867314	-0.123662388613901	0.0758629406045174	0.0236948400541889	0.17895206704765
SMDT1	5.05004203441703	0.106693640898896	0.180713483199493	0.0246363942931705	0.183605970100682
HNRNPDL	13.8501356409008	0.144020211339646	0.116369702505172	0.0258057495829753	0.188653997088324
RPS14	185.647246129192	-0.0939010205907758	0.0507059796921977	0.0261131238907567	0.188653997088324
NPM1	21.223318027279	0.136746887362895	0.0954290502063369	0.0259836960672791	0.188653997088324
GZMM	10.9116335953087	0.149558381436278	0.145206364717478	0.0267684445700095	0.191434936924916
MT-CO3	277.744683135138	-0.144690906619645	0.12836115067213	0.0276483338675264	0.195750203782087
MT-ATP6	246.088868015152	-0.142958457933635	0.132584556802376	0.0286454885535748	0.200802038573574
ARF6	6.52197027139905	-0.14361425563242	0.176823960633029	0.0295625693341252	0.205199010672163
HNRNPA1	29.9672011455152	-0.118308240658302	0.0775830826998821	0.0303090126269511	0.207178033586759
RORA	7.91890111165236	0.120670627665765	0.173173748337849	0.0304329314873206	0.207178033586759
PTP4A2	9.11545551502075	-0.127734065352947	0.168836937474936	0.0324240840975078	0.216568410764486
RPS26	88.7075429073674	0.0576695084641427	0.110740912664005	0.0322513096524549	0.216568410764486
SYTL1	4.64136485840155	0.114641043440001	0.164835474977039	0.0347852100688309	0.227728083296363
TBCA	6.32265674641893	0.121652036494164	0.160756039220881	0.0350598320329147	0.227728083296363
RPS19	179.768001382626	-0.0976672159008981	0.0596692717866854	0.0345777780499158	0.227728083296363
RPS8	173.490699075338	0.0857640168046907	0.0508686841836149	0.0368897005795817	0.229104456231086
CD27	4.44423041184452	-0.0789984819269622	0.132222701680086	0.0359201909087068	0.229104456231086
KLRB1	59.8397713811246	0.123208577505646	0.16846869070255	0.0359152325321943	0.229104456231086
PCBP2	22.7829830608958	0.123513193104599	0.0945032455769316	0.0367807233360079	0.229104456231086
HMGB1	18.9684708048071	0.123608605017876	0.0994253055453877	0.0368067602622037	0.229104456231086
CSDE1	6.69732507799422	0.121476663403435	0.14967247912917	0.0385350872024842	0.235196911546197
ABRACL	5.39671826437128	0.102176232272857	0.150780236544004	0.0383629652911492	0.235196911546197
TMED10	5.05831463137593	0.11073967198277	0.155021221709956	0.0396594674842609	0.238305579357621
MYO1F	4.95717681249318	0.095186944822833	0.144491568868809	0.0397175965596035	0.238305579357621
GUK1	11.3553303977477	0.12176670868939	0.11853988202632	0.0420215596176238	0.248323100625731
GMFG	11.7188985359621	0.121809467623439	0.11905787949935	0.0420886611230053	0.248323100625731
SEC62	4.99991137302668	0.080657829450197	0.12961427092432	0.0449020965335294	0.261025536224794
TRAC	7.26432770566825	-0.0940405404291759	0.14152435955146	0.0453476567170193	0.261025536224794
ITGB2	11.6212102120527	-0.122497956593832	0.125039516093818	0.0451671768683644	0.261025536224794
MT-ND6	21.2892492041003	-0.120211740283948	0.125815731596084	0.0459868855934286	0.262570282259254
EIF3M	5.52013014158041	0.0975120640604445	0.142170042466997	0.0467319798721681	0.26468993399596
MORF4L1	6.56129190461322	0.108245645500337	0.138769593424163	0.0475821518862402	0.26736637726554
PABPC1	37.1242631727579	0.109947345263718	0.0881072347568127	0.0501449449078576	0.279548196809159
H3F3B	64.6087940044399	0.111264555923747	0.0953869394956032	0.0505412912276061	0.279556517102696
ERH	4.50392718511427	0.0796774082426743	0.125169470392204	0.0515242068447729	0.282784018962009
UBE2D2	6.81140635557216	-0.101303833806877	0.137917101540613	0.0530254234995288	0.288784614135895
C12orf57	11.0452261183378	0.110924944964895	0.116634414251568	0.0543313742410262	0.293638266890432
MACF1	4.8408089216068	-0.0692551673088597	0.117326608361254	0.0571681725167588	0.306629288953524
HIST1H4C	4.37419608770167	-0.0798769926762178	0.12526853601136	0.0581142309221121	0.309359966111694
CELF2	6.582333387128	0.0949586058778516	0.127879183869423	0.0585819671571223	0.309522632442109
PPP1R15A	4.91109976643149	-0.0425137396568432	0.0976205590268848	0.0591608477670497	0.310265779400527
P4HB	5.76177456469116	-0.0965091481452928	0.133083778207407	0.0603500596714879	0.314175310642746
CNBP	10.7137597903928	0.102134315240889	0.110375036191609	0.0657790568007975	0.332221280413663
SEC61G	8.49504655716366	0.0868055335260449	0.121813903019462	0.0656037538002713	0.332221280413663
FIS1	4.32532526984637	0.078620684785032	0.120893310148612	0.0647116025972426	0.332221280413663
LEPROTL1	6.80500087869877	0.0902961396656126	0.121308662920627	0.0671011908180138	0.332221280413663
RPL21	61.5075035801891	-0.05310108688458	0.104088106803549	0.0665732249672365	0.332221280413663
CCL5	54.5913572769917	-0.0952893360542566	0.119115557156526	0.0660647961400923	0.332221280413663
RPS9	70.1321996075929	-0.0985111049411681	0.0838623202006551	0.0667405633097456	0.332221280413663
CALM2	8.05961261467233	0.0907855336159461	0.12021190264921	0.0689664888431512	0.334440233568158
COX7A2	9.01831223501651	0.0940582190681426	0.119132725562351	0.0685523246460271	0.334440233568158
PPP2R5C	8.01285829725426	0.0793036669065871	0.119694161976955	0.0682406035598111	0.334440233568158
YBX1	16.9430905722044	0.100453032691684	0.0986716302774601	0.0698509449661969	0.33642495942903
YWHAQ	5.87150199068498	0.0841748232197439	0.119798513810548	0.0711827513583316	0.3405228916331
RIPOR2	6.71462592755455	-0.0846994351776575	0.120035180695699	0.0736704971212702	0.340906614129799
RPL10	325.655511399399	0.0759954337255205	0.0516045103529186	0.0727328521773234	0.340906614129799
TCEA1	4.91467829672192	0.0733449399082177	0.115416261857444	0.0733405845322008	0.340906614129799
ERP29	7.51132809777847	0.0946193160988549	0.116238271164325	0.072495221443333	0.340906614129799
TRDV2	10.4556811413484	-0.0199310600901576	0.0875408994666058	0.0718844660088288	0.340906614129799
SET	7.37753698196989	-0.0850352894048013	0.121525783177503	0.0743820080171822	0.341964036858214
SFPQ	5.26359265604916	0.0681397705902707	0.112392349610217	0.0765266513938609	0.343414244699889
ZFP36L2	67.7597703979738	0.0982603080330728	0.101700248665954	0.0761823833576284	0.343414244699889
ACTR3	5.91273524708523	0.0791806295429732	0.116623466080611	0.0763051927593749	0.343414244699889
PRF1	13.1693381601508	0.0835817343465545	0.117739191584497	0.0766376421787888	0.343414244699889
SLC38A1	4.47073535791017	0.0688131864779373	0.112240963923088	0.0773137330066058	0.344264924331301
FAU	101.412011607513	0.0718636963739228	0.0489445220068297	0.0779047278777257	0.344728420858936
ACAP1	6.11352753588095	0.0813763761507974	0.113980632016216	0.080647237935576	0.353643682096556
MATK	6.26705289026119	-0.0781837138179456	0.116169113308386	0.0809184696322629	0.353643682096556
HLA-C	116.399889843603	-0.0933567279486451	0.0889904829383595	0.0829829540200351	0.360441297215858
NCL	10.4967512174479	0.0887161835705077	0.104621859533335	0.087366938392216	0.370393966357419
PIM1	5.99019004494097	0.0606630133842317	0.106462631823994	0.0860551775023289	0.370393966357419
RPS3	188.60112935104	-0.0685789209598335	0.0474279205649016	0.0869813171702939	0.370393966357419
PSMB10	6.09227646553429	0.0736657321783616	0.111540226257675	0.0864697438809028	0.370393966357419
TMEM59	5.57824822257518	0.0734752969577619	0.109927426597227	0.0915167041385851	0.380674865386177
PPIB	17.6642372748191	0.0878634616176169	0.0875138112806002	0.0918573517705505	0.380674865386177
C19orf66	4.2861943080582	0.0651757679875979	0.107908270274905	0.0919426581653054	0.380674865386177
RPL13A	62.4705773321175	-0.0833242694477445	0.0695601397283439	0.0906924397370678	0.380674865386177
PET100	4.35991192983926	0.0583015762195573	0.104204327212372	0.0939703838194111	0.386808324093855
SRSF5	15.6829262027724	0.0869329648992802	0.0943325248801268	0.0947089056696803	0.387594827827362
VPS28	4.83900791326487	0.0662888975627412	0.107991070276056	0.0953960965371131	0.388163427288943
RPL36	96.4843590424545	-0.0720277977498156	0.0544669765699524	0.0960246855573322	0.388488442140521
ANAPC16	6.86897700231296	-0.0776984851542666	0.109631276798836	0.0974729253516123	0.39210699516444
EEF2	30.9196958813333	-0.0869383076759413	0.0912134922570644	0.0984310852416759	0.393724340966704
EZR	4.68795447746475	0.0550238627264781	0.10253372683537	0.100692870800984	0.396425296188078
SEPT7	9.85364467040101	0.082325035886668	0.100538033587071	0.10130204565519	0.396425296188078
UBE2I	4.45631236471836	0.0605508979784632	0.104985050372052	0.0996753286744578	0.396425296188078
CYBA	25.9048670084832	0.08461376000005	0.0825875061055082	0.101346014985935	0.396425296188078
RAC2	17.8848211489065	-0.0848118649996136	0.0926213043322293	0.102387147430241	0.398297254838518
DEK	5.21710888706077	0.0665393074674795	0.106329941637202	0.104007603516648	0.402390072621787
CCNI	15.4564709773423	0.0821472207570774	0.0874814436608233	0.107269074840171	0.412752744493702
ENO1	7.03394556371547	-0.0706814488063949	0.105465382904996	0.111497656054353	0.424981743982036
AES	13.6277125035216	0.075168046678106	0.102656869220272	0.111647746300365	0.424981743982036
RPS24	133.364343341679	-0.0669302354605598	0.0530368440108983	0.11548392494789	0.437233255952438
NDUFS5	6.72862525323747	0.0706997249778693	0.102244334463341	0.1171297608344	0.438771802490769
KLF3	4.90740834802867	0.0561765080075838	0.10066962623809	0.116916299102496	0.438771802490769
TGFB1	9.49299087101376	-0.0539382686376897	0.0999086133992478	0.119025079001694	0.443525031227365
RPL36A	23.7568831563593	-0.0687635854891926	0.101826493160802	0.119832449129087	0.444195675305727
ARGLU1	7.0155689861555	0.0605834845343916	0.100156866705349	0.121840005018575	0.449285018505995
ID2	12.5216766646993	0.0578977602494332	0.100451807247973	0.125663150199922	0.454183901664018
PRKCH	4.42585724616762	0.0525321324635017	0.098711920339818	0.125716591682345	0.454183901664018
SYNE2	10.6972186446847	0.0685096795681769	0.0999789224972228	0.125734526449361	0.454183901664018
APRT	10.3826644949906	-0.0723989232573129	0.0989563411829779	0.124940700028983	0.454183901664018
PIK3R1	8.5074504081045	0.061590145532546	0.100398345194233	0.127544018452033	0.458381548548425
CAP1	7.00241198732361	-0.0670237138988528	0.101114328983292	0.128709382060386	0.460233547973503
SPCS2	5.20370875816039	0.0572233178329494	0.0995774295598362	0.12989085342821	0.462124242347603
SHISA5	4.49643563863471	0.0548002367277705	0.0989051722712537	0.133760213650438	0.466151535687782
UXT	6.81319362834781	-0.0666587564111995	0.100511541513914	0.133787655301316	0.466151535687782
FNBP1	4.93914176501016	0.0547987224002269	0.0980752750526471	0.134314849265971	0.466151535687782
PEBP1	5.87262346629719	0.0624295886363955	0.0998759170118476	0.133455720967612	0.466151535687782
JUND	4.52513821203922	-0.039095922191091	0.0930019487907024	0.133705304228046	0.466151535687782
RPL18	115.487269236184	0.0595296881216169	0.0475257095383773	0.135460229946112	0.467833379521208
ZFP36	24.0339864932507	-0.0532989773644253	0.098030879501944	0.136953651086769	0.470695072667149
CYCS	5.54496399758911	0.0476137613936235	0.0956420575238735	0.143495894255696	0.484347796534291
HSPA8	21.8882017364269	-0.0726877705334321	0.0890569279892023	0.143662482022883	0.484347796534291
NOP53	13.348948549901	-0.066972344820302	0.097826785818132	0.14242947081343	0.484347796534291
MT-CO2	399.604860737647	-0.0709198336239849	0.0767563111564654	0.143625394553242	0.484347796534291
SNRPD2	15.6945670888942	-0.0717952945678183	0.0870112441063037	0.14578958476349	0.489189696741949
ATP5PB	4.27991954653979	0.0505169175694365	0.0962076800642981	0.152686055914788	0.503405288133815
TMSB10	103.399071695372	-0.068593390911602	0.0710104111835957	0.152570236842701	0.503405288133815
RPS4X	172.539761934497	-0.0562753068144279	0.0464436474057483	0.151588034398744	0.503405288133815
N4BP2L2	7.90668637998591	0.0571983114514448	0.0963548294286196	0.152870249927641	0.503405288133815
RWDD1	4.35088665055652	0.0506926120204583	0.0959613685575237	0.154191283855716	0.505404763749292
DAZAP2	12.0182246452905	0.0680509258053175	0.0859491251778029	0.15776772799435	0.514744476589862
RPL41	374.277747403159	-0.0438473307964815	0.0334292385027075	0.160836145020159	0.522348581074645
RHOA	12.2335504968577	0.06678708458385	0.0854669114754874	0.164197577528822	0.529516312788276
STK17A	5.0914838663364	0.0439612434769264	0.0933942180339924	0.164538967250594	0.529516312788276
CCDC107	4.5392612653661	0.0462312548925837	0.0937141071785329	0.16685415322151	0.534537287243569
CD69	22.0964466013551	0.0506262244876083	0.0947229522090008	0.167855905685582	0.535324239754019
S100A10	16.0791616227139	0.0633920943764357	0.0891353161786149	0.169213012932757	0.536968596812279
PTPRC	27.9504687733408	0.0655211992808028	0.0826184141776761	0.171595657696456	0.536968596812279
HSPE1	4.35679611731412	0.0504993551601824	0.0942312891909871	0.170769497320892	0.536968596812279
RPS25	115.75121096579	-0.053430213991637	0.0467254423584184	0.172163660277383	0.536968596812279
EMP3	16.5726902206945	0.0655474960511305	0.0850348317286866	0.171853663540168	0.536968596812279
TRBC1	6.77626981826058	0.0453238110961643	0.0933126694962998	0.173584173749739	0.537782854262345
OAZ1	19.3039647085089	0.0651066039892976	0.0803195762966326	0.173943889302368	0.537782854262345
CD53	7.41995029368953	0.0550230715468184	0.093136452427266	0.176314214827129	0.542741148250466
ELF1	4.5441979182658	0.0441527173570848	0.092322513286938	0.177670320742991	0.544547996043454
EVL	12.2284884671707	0.0618680612636472	0.0884558554493188	0.179972373325248	0.549226035837396
PARK7	6.21279395999102	0.0542618388942167	0.0926934813234819	0.182966282092989	0.555926964097069
ATP6V0E1	6.70967909558817	0.0534702306900226	0.0923921396298316	0.184059135451023	0.555926964097069
CEBPD	7.05963854829979	0.0422459061484605	0.0920991999560353	0.185754337621102	0.555926964097069
ISG20	6.85775420824968	0.0547678914215943	0.0916363615145209	0.186638990159138	0.555926964097069
ATP6V0C	4.52373546085162	0.0489100559625398	0.0924812169084286	0.186879403185173	0.555926964097069
MYH9	8.62596881251052	-0.0595165498356175	0.0900171299118599	0.184585093618592	0.555926964097069
CFL1	35.4227029026759	-0.0610813812095551	0.0651160063293562	0.1898889968906	0.562516358989728
FYN	8.24724425251835	0.0492988351686445	0.0918687258556458	0.191053307778953	0.563607257947912
H3F3A	23.1520426521993	0.0620196329039574	0.0738839584571346	0.192669219849518	0.566015799391944
MZT2B	7.49381684125669	-0.0508605195488525	0.0919415639888767	0.194804947664298	0.569925218786457
KLF6	9.00955068392812	0.0468686410065231	0.0919470633188708	0.196935063786695	0.573786111773581
TPM3	12.8000040820178	0.0581300598060513	0.0858932201635449	0.199245261345938	0.576318074764358
RPSA	79.8121582863069	-0.058380072638681	0.0613372362715959	0.199432102143033	0.576318074764358
LY6E	7.53287883741135	-0.0519244372020948	0.0908744796592359	0.202446690404346	0.582651450432021
ETS1	9.70233873216887	0.0539741737175067	0.0886104623409401	0.204459764778036	0.585130328169469
SNU13	5.1133077022675	0.0475698573979826	0.0908604119120684	0.20496090591247	0.585130328169469
UQCRQ	5.74978169287507	0.0451269483157218	0.0903226028649646	0.206159212516099	0.586187640407221
SSR4	14.0845659850823	0.0573887470646735	0.0833171701462317	0.20865357952299	0.588552726303892
RPL35	61.5350276531764	-0.0568523227137505	0.0608950558596399	0.208489005066953	0.588552726303892
PARP8	8.45146366004465	0.0477883165971172	0.0895780749389073	0.218309882057461	0.596347828666246
SELENOH	5.064136083491	-0.0433061924669752	0.0900843267925622	0.215050672585773	0.596347828666246
UCP2	8.04766545293766	0.0457198555552936	0.0898781721457797	0.214634371405666	0.596347828666246
DDIT4	10.8613228295234	0.0438452322019461	0.0899799221841534	0.216974396294098	0.596347828666246
TMBIM6	8.01091155119648	-0.0503712664179526	0.0895738198633046	0.213927210102056	0.596347828666246
ZFP36L1	6.62572345205112	0.0403290568883289	0.0900291846874264	0.217507660052028	0.596347828666246
CALR	7.48004682405017	-0.0517619408733792	0.0889996050883566	0.218023929045253	0.596347828666246
KLF2	16.7435626703554	0.0514056410572236	0.0897112391086249	0.215338395011176	0.596347828666246
RPS5	65.0059106425627	-0.0567282608215224	0.0645581946759825	0.218997790188169	0.596347828666246
LCK	9.66180446011075	0.0541187104778924	0.0845219436286703	0.223106020876277	0.599400639940207
NDUFB4	5.07829548814399	0.0443775838963099	0.0889840749043472	0.229121780337912	0.599400639940207
PAK2	4.28748601556474	0.0424670770213556	0.0894137882767049	0.23027821195443	0.599400639940207
PYURF	4.42085659990128	0.0413008979282952	0.0893252472437485	0.228660528531037	0.599400639940207
PPIA	35.0980319199295	-0.0560441773812513	0.0716208249785489	0.228640774702772	0.599400639940207
SRGN	24.7096155034601	0.0559068374458721	0.0783445144321315	0.228749136005378	0.599400639940207
TCF25	4.59977441071424	0.0418745887244879	0.0893700749158215	0.226005263816587	0.599400639940207
DDX5	30.0522743812787	0.0568519254894941	0.0729850292934652	0.226557953051377	0.599400639940207
ZFAS1	8.65287934506131	-0.0506553748115701	0.0866647210997249	0.229872680682735	0.599400639940207
TRIR	9.87274116786555	-0.0536144383727985	0.0850746420588015	0.225308070360396	0.599400639940207
TYROBP	7.83311504378851	0.0203168580846568	0.0866061179849269	0.225710677215737	0.599400639940207
MT-CO1	378.595289099689	-0.05744305203789	0.0760246963144817	0.222920970122281	0.599400639940207
PDCD4	7.45742224553561	0.0452634681124859	0.0883090285964897	0.233086725727276	0.602377457932628
ANKRD12	5.71111825880942	0.0416266502251833	0.0890006351264218	0.233123479482401	0.602377457932628
TRBV20-1	11.9390008283381	0.0161499953837843	0.0859338585368259	0.234952203902424	0.602703479575783
NAP1L1	5.8788162816897	0.0398584163082082	0.0889224173790598	0.234638149121918	0.602703479575783
CTSW	18.3597646745856	-0.0398156388823495	0.08868426052925	0.238388833310853	0.60714937462998
RAP1B	7.62614374424351	0.0482307038700432	0.0868599113903307	0.238400460659794	0.60714937462998
RSRP1	7.99286571110914	0.042006717807492	0.087762453219578	0.245530975620803	0.615408007119978
ARF1	9.16840649950855	-0.0476929287437603	0.0858565250025001	0.247727799476262	0.615408007119978
CD3E	36.4626141468975	0.050610130268162	0.0585972459588003	0.246568075504651	0.615408007119978
MAP3K8	6.52981560027547	0.033634209378743	0.0880467226320536	0.246713667267975	0.615408007119978
PFDN5	35.1073602483669	-0.0502305715811019	0.0595225552626232	0.246741107344317	0.615408007119978
EID1	6.33929973519918	0.0421624220451816	0.0881384491711251	0.243695011539355	0.615408007119978
EIF3L	7.86776623448463	-0.0455269428352344	0.087657463194269	0.246895838100687	0.615408007119978
VIM	25.8087082812369	-0.0486180810647039	0.0859826614796576	0.250598848171291	0.618826826480975
COMMD6	16.5366872274554	-0.0526824465545157	0.077133398605293	0.250852117514181	0.618826826480975
GNG5	4.76529892263354	0.0391104368418483	0.087666469748288	0.256199269501035	0.622603960579112
SPCS1	5.97777916341047	0.0443414382591024	0.0858400363410349	0.256780164532628	0.622603960579112
ANXA1	15.2932386863702	0.050111999583992	0.0831912020127245	0.255381337011853	0.622603960579112
HNRNPF	5.00004752500004	0.0374498490088254	0.0876794804796061	0.256508112043086	0.622603960579112
GABARAP	8.89873741662083	0.0419249637908401	0.0868527586279639	0.256550804430111	0.622603960579112
UFC1	5.2343560577053	-0.042796184786535	0.0868952928332499	0.259472321404063	0.626984312471251
SAMD3	4.54370675872935	-0.034857807264054	0.0875267151494341	0.262040295697658	0.628896709674379
ARHGDIB	31.3126513071702	-0.051425462896813	0.0658063481107937	0.261256438814245	0.628896709674379
MYL12B	13.2427666905316	0.0493148694096813	0.0783040985824032	0.268973287814961	0.639562624318585
RPS16	79.2883210947666	-0.0475742589456668	0.0543782081052988	0.267578182934512	0.639562624318585
NDUFA3	6.96812935206949	0.0298284038955359	0.086855230976677	0.269194437919404	0.639562624318585
RPL22	59.9935790546492	0.0464999920151117	0.0541497013255866	0.274767036044195	0.641624850898018
LAPTM5	16.8942403305369	0.0483310027058841	0.0796720355025236	0.276327104826632	0.641624850898018
ARPC5	4.5041180541189	0.0345989528014388	0.0868877830657426	0.278218685347022	0.641624850898018
EIF4A2	10.3228349667279	-0.0452472119165008	0.0830338500452723	0.277972631326182	0.641624850898018
NDUFB11	6.65473450083781	0.0436998823713041	0.0850374527308192	0.271313469667707	0.641624850898018
OSTF1	5.06252962861233	0.0343498097717615	0.0870336920491531	0.27621974348211	0.641624850898018
CD3D	16.2546499979995	0.0482686776178624	0.0764849238496629	0.278178837168942	0.641624850898018
POLR1D	4.27470154211432	0.0369355782659511	0.087145556033297	0.271922488909575	0.641624850898018
GADD45B	4.45330837239857	0.03494960620247	0.0870282755140138	0.274577789490383	0.641624850898018
SAMHD1	5.56659176526008	0.0352908854390012	0.0868319261701092	0.27997853572594	0.643587023681707
CNN2	10.6881372140817	-0.0455985286139597	0.0818920981991091	0.283940117350043	0.650581239753497
BTF3	28.4175941125546	0.0489097700921266	0.0641641244679637	0.285945259353861	0.653062076201721
AQP3	5.43982628911367	0.0321729911177256	0.0866423684118106	0.287130255422708	0.653659874081276
ANXA11	4.40544338416915	-0.0362500159524284	0.0860427089038655	0.290912624656027	0.660147879027139
IRF1	10.4157421727689	0.0318368114563955	0.0861933273155304	0.29500005403226	0.667284467267859
RPL11	170.837082532975	0.0395139625981325	0.0443411860944083	0.296515667265963	0.66778429799718
HINT1	21.1268561611543	-0.0466509187493288	0.0738247315259716	0.299937015202123	0.66778429799718
EMD	5.21889778577199	0.0361568690854749	0.085354262944523	0.299350655362001	0.66778429799718
REX1BD	6.18413744427034	0.0397240248233538	0.0841972839508467	0.29979537630419	0.66778429799718
HCST	30.9242590767218	-0.0468622614803042	0.0745380982528296	0.298238679688466	0.66778429799718
HMGN2	7.82005941422023	0.0416665240339231	0.0819294648096891	0.307577928842129	0.668421216855001
PCBP1	16.3375660477532	0.0435715186441204	0.0790346960981047	0.310608164329513	0.668421216855001
LRRFIP1	5.40552126386033	0.0334338605215843	0.0854319522817251	0.309769563492274	0.668421216855001
TMA7	24.9552690132525	0.045423413353103	0.0730540131361563	0.309530015045086	0.668421216855001
NCR3	9.58933881558444	-0.0347190602203604	0.0853778280074584	0.308840384754389	0.668421216855001
YWHAZ	15.8360064022375	0.0454033199239132	0.0774971755481292	0.30412486792604	0.668421216855001
ADD3	4.91226989200124	0.0321839680627289	0.0865759137784463	0.303479433746468	0.668421216855001
SELPLG	4.40516457816904	-0.0315632166192868	0.0858088670990624	0.310346050765109	0.668421216855001
MT2A	11.8954470094765	0.0280943593843302	0.0859859341232913	0.306182024074857	0.668421216855001
RPL28	231.397545401305	0.0430572050540059	0.0523539003258863	0.307150422005626	0.668421216855001
UQCR10	7.47954666204672	0.0360974666328807	0.0847737339556177	0.309439390727701	0.668421216855001
DHRS7	4.56542095592444	0.0348053554343929	0.0846487169855243	0.312751874235263	0.670994930177474
HLA-E	37.3004860959263	0.0452477826136458	0.0646695716737477	0.320326647317664	0.681054853756474
HLA-B	179.876792635417	0.0445983321765483	0.0738084836136235	0.319069386279398	0.681054853756474
GIMAP4	6.03693550690825	0.0280698052533072	0.0855645997638995	0.319882790569676	0.681054853756474
VAMP8	5.64667848510713	-0.0327738943586864	0.0846843398367681	0.327895843973444	0.685828042328561
DUSP1	38.4960704876867	-0.0277319346739052	0.0854051156522035	0.328319768831112	0.685828042328561
ATP5MPL	5.70927967651417	-0.0337422047019015	0.0844914839436904	0.327378961048322	0.685828042328561
SEPT1	7.58604779333647	0.0382240002998653	0.0813088499345133	0.331810016442953	0.685828042328561
RBL2	7.12460016910225	0.0347277644351894	0.0841473710875794	0.326552582444991	0.685828042328561
PSMB3	4.76622445476218	0.0321022429009655	0.0844440401470316	0.332258500732622	0.685828042328561
SUMO2	10.3540408826538	0.0414272652197668	0.0785494801731708	0.329559812032184	0.685828042328561
ACTG1	36.5606906223022	-0.0436567289744683	0.0744934982399551	0.328500847808636	0.685828042328561
GNAS	5.9180518088767	-0.0319967346800411	0.0848875105697445	0.325271456099161	0.685828042328561
DDX17	5.86402091523176	0.0308166939844657	0.0850731831680916	0.331054800137884	0.685828042328561
SERP1	10.1731161231864	0.041054760710393	0.077058347720818	0.338495061260642	0.692643073331026
PSMB8	6.00427615242218	0.0345103498254603	0.0835326291182325	0.337630096115011	0.692643073331026
RPS12	313.038505827036	-0.0328541522377707	0.0396181760474109	0.33784893917458	0.692643073331026
RAN	7.50430627094057	0.0370599691428262	0.0817458153630815	0.340394508432129	0.694522512881693
ATP5ME	5.35013689670726	0.0290765843059967	0.0844152774449153	0.346702670417223	0.705360605331592
HNRNPU	6.87813820568899	0.0318889751382527	0.0834460945291178	0.35102287772445	0.70569440635527
SATB1	4.5887562207156	0.0300807688189143	0.0840851240051416	0.353836487824115	0.70569440635527
HOPX	8.7390374025511	-0.0334293306839238	0.0828506563584239	0.348428470527219	0.70569440635527
PTGES3	7.62991310350763	0.0344349697464338	0.0821046960255472	0.354433384540997	0.70569440635527
SRP14	14.9518274103754	0.0403988088281276	0.0736496229774897	0.354840690201237	0.70569440635527
FKBP8	5.29253808021575	-0.0316947921097236	0.0837096566772739	0.353007735935427	0.70569440635527
FXYD5	19.6621078990218	0.0410732776695127	0.0705022451536618	0.352890705828809	0.70569440635527
XBP1	6.83481478078332	-0.0350604093677713	0.0819063837855426	0.354745704089507	0.70569440635527
CYTIP	6.09003727320691	0.0332681329241241	0.0826739184018278	0.356402126892247	0.70681430207202
FCMR	4.35061388533997	0.0277310498148392	0.0844790731289825	0.359939888903301	0.707860769033533
RPL29	116.318488939146	-0.0354398878815193	0.0455975992485473	0.360754692064742	0.707860769033533
COX5A	4.66281942299805	-0.0305288383002533	0.0833374057496003	0.360929007939414	0.707860769033533
IQGAP1	4.53615378909514	-0.0275498291132934	0.0843242047587419	0.359933998051295	0.707860769033533
IKZF1	4.92393116515017	0.0315609144693487	0.0829835056241277	0.364323161927359	0.711092005259504
RPL19	178.15133166104	-0.0338385370495601	0.0433315423201923	0.364585307781356	0.711092005259504
EEF1B2	46.7270979181854	-0.0391820472550659	0.0572553541887248	0.36858733828637	0.711888299623399
XRCC5	4.45849748301722	0.0293696295958921	0.083538402847554	0.367596765876531	0.711888299623399
HNRNPA0	6.55362526061773	-0.0340035761114862	0.0815480570732582	0.369299346708303	0.711888299623399
HLA-F	9.99082552305393	0.0358502833356974	0.0791750195648585	0.370021037092388	0.711888299623399
ATP5PD	4.44132708743076	0.0295660263723446	0.0830422584543872	0.366829595081683	0.711888299623399
LINC00861	4.72010209604015	0.0297542444131658	0.0832874323767626	0.372042412953506	0.712648034934888
C11orf58	4.58672211046874	0.0313357425851719	0.0826573858635605	0.372429057804955	0.712648034934888
RPL14	106.984859474125	0.0338803127892242	0.0446761671856733	0.379614835024523	0.712910618560643
UBE2D3	8.06018576383304	0.0350363095507086	0.0797700857722516	0.375802853429181	0.712910618560643
CD74	31.9225753388722	-0.0331460557603347	0.0808983193370089	0.374350433647952	0.712910618560643
TRGV9	8.47435220536103	0.0163183376419296	0.0848273908475284	0.379458517268487	0.712910618560643
RBM3	10.3668007019541	-0.0368972716338157	0.0775294699920716	0.376106346435088	0.712910618560643
LSP1	11.9828596773077	-0.0367834941611477	0.0770608128470406	0.377145826990687	0.712910618560643
CCDC85B	5.78601735818775	-0.0312443364346964	0.0823898153939743	0.379130098844598	0.712910618560643
ITGA4	4.85873616872579	0.0279090193260184	0.0833225798602874	0.382947883760887	0.715374938529573
TAX1BP1	4.52601648059774	0.0282890473205598	0.0832068851614661	0.38205707632658	0.715374938529573
SRSF3	5.9185981282191	0.0313203464192258	0.0815420393044642	0.385962160703575	0.718732972391477
H2AFV	5.86551757395274	0.0309923995948182	0.0816238852440564	0.386775794464905	0.718732972391477
PRRC2C	7.91800597237412	0.0319339559424229	0.080769407118376	0.392110253471261	0.721450519021731
ARHGAP15	5.37976388510922	0.0303476641259657	0.0817956140068352	0.394352190482217	0.721450519021731
STK17B	5.79539132585339	0.0287623719376791	0.0825280854129062	0.38980118938342	0.721450519021731
RPL7A	114.602417340903	-0.0302709686824981	0.0399949772548529	0.392078548291563	0.721450519021731
LIMD2	13.1648896005809	0.0366414791522328	0.0739153098241302	0.393898808959942	0.721450519021731
SON	10.6365785517874	-0.034205584516503	0.0781117834195919	0.39405909354646	0.721450519021731
TTC39C	4.85152691401375	0.025589176100933	0.0831437154661982	0.399183119245692	0.728406310376159
SUN2	7.17591560528111	-0.0316067943956699	0.0803012289604691	0.401386831835513	0.730544670795741
JAK1	9.26901606995574	0.0334597209758559	0.0770338073212324	0.406021257326571	0.733324107620438
RPL31	37.0121115498108	-0.0348643413184068	0.0564592916129035	0.405148578634866	0.733324107620438
COX6C	11.2305637893797	-0.0341922033886883	0.0767461986878383	0.405371200315114	0.733324107620438
RPL34	211.684906721449	-0.0329489381926049	0.0487522795435895	0.409896783524483	0.738440006960138
C9orf16	7.20793668492544	-0.0283690124478718	0.0813426294443651	0.411967219661511	0.740286272894289
OST4	14.4797926634956	0.0337655580096658	0.0744501061958915	0.42020934944764	0.744314679651115
RPL10A	70.8129447715626	-0.0356398571485237	0.0556193632842195	0.417725589123306	0.744314679651115
RPS20	21.9346536953768	-0.0355423537402722	0.0714371432700912	0.416522842952859	0.744314679651115
PHB2	4.63767474851617	-0.0273772065888844	0.0817299445779199	0.420516768164472	0.744314679651115
SAP18	6.47105265759365	-0.0303352357181742	0.0797756060254383	0.419414697934514	0.744314679651115
RPS2	140.498378013029	-0.0333016567107299	0.0510042427661432	0.42006016326693	0.744314679651115
TC2N	7.17536066111128	0.0278759465761342	0.0807098342161941	0.425313161899776	0.750926979114817
GNB2	4.84954356694165	-0.0273291225238401	0.0812741765813162	0.429286665801128	0.752903746983905
FKBP11	5.92455889586463	-0.0266879143836634	0.0814136110381599	0.429623042064262	0.752903746983905
SELENOW	4.9546686983029	0.0249881699194481	0.0823478052762112	0.428064894863047	0.752903746983905
SRSF9	4.3665642013992	0.0245568229049945	0.0824411630136274	0.431484557647772	0.754298930406475
CD99	13.5149825711226	0.0341538977187149	0.0722972511640988	0.43774381603054	0.756258779512433
TXN	4.44690342562418	0.0258719670737936	0.081501322311957	0.437635621033253	0.756258779512433
BIN2	6.90758871009411	-0.0281965955236459	0.0800469718052895	0.438321827095171	0.756258779512433
PRR13	7.93297609592261	0.0301729552354751	0.0778676353934677	0.43831315906247	0.756258779512433
RNF213	7.31815542974301	0.0261944760862722	0.0809851300536052	0.439014630479675	0.756258779512433
ATP5F1A	4.76940365306669	-0.0247239086869297	0.0821771970710882	0.437551905887081	0.756258779512433
HNRNPA3	7.72502500501022	0.0281482347997155	0.07962802318395	0.440559881553986	0.757078631408306
BTG2	4.49039970581916	0.0217391393310404	0.0828790979196123	0.442516046594359	0.757650711500907
UBXN4	4.89133230729521	0.0223376513724252	0.0825811876995548	0.443803891492861	0.757650711500907
CALM1	35.0358207011086	0.0336081978824469	0.0620878577099771	0.444103171289373	0.757650711500907
C9orf78	4.3773287458543	-0.0243950014219775	0.081157654637531	0.454156645692371	0.771086103477695
MPHOSPH8	4.31196323772778	-0.023616868845309	0.081761650160578	0.454091128002295	0.771086103477695
SELENOK	5.55385548215749	0.0252596367900554	0.0807138993158748	0.457320564950399	0.772969514460766
PSMA7	5.88124115938915	-0.0266610385726435	0.0795355551647343	0.457449472541047	0.772969514460766
JUN	21.1731167509177	0.0155449480099703	0.0838582583585354	0.467842253174928	0.772998907946416
PNRC1	24.3433928332574	0.0318031154907969	0.0687319065229739	0.462168859619384	0.772998907946416
BCLAF1	4.78856667064656	-0.0209577128312582	0.082251741332551	0.468332223028757	0.772998907946416
DDX3X	5.080029439694	0.0227070020936128	0.0815498781959559	0.465952511082543	0.772998907946416
BCAP31	4.5157365613214	0.0253024046795372	0.0805889327080203	0.468384931509905	0.772998907946416
SEC61B	9.2379507727573	0.0288822759226129	0.0769935835284713	0.459072398258014	0.772998907946416
COX6A1	9.47733487586879	0.0287915259532931	0.0753270166990197	0.466792458265158	0.772998907946416
DDX24	4.82210135636931	0.0236980156066323	0.081319035404907	0.461442883188101	0.772998907946416
TRAPPC1	5.16223685895277	0.0248527463261638	0.080612744983015	0.462888386147381	0.772998907946416
CALM3	4.37164245639284	-0.0240381809072337	0.0810358632354244	0.465249350543959	0.772998907946416
H1FX	9.08053802418508	-0.0159539410095358	0.0835781148642032	0.47332526736995	0.779335556506802
TOMM20	6.32234115381667	0.0253915815881993	0.0794572237490704	0.474598331593161	0.77958827329133
SF3B2	4.7597249109302	0.0213559259834137	0.0821181839097117	0.475680980313354	0.77958827329133
TAPBP	5.97456431694482	0.023240980848367	0.0807167510590376	0.478394874466408	0.782225337464704
CD247	6.98550177319188	-0.0251929934544715	0.078551158149982	0.479705432483383	0.782560935940634
RPS11	26.1491693400342	0.0302694554372824	0.0672193256306019	0.483573323389132	0.787057271171278
TMEM50A	5.54068952455412	0.0240494324379565	0.0794384860941937	0.485116864819644	0.787758578652083
SERBP1	5.76706807106696	0.0238401042856837	0.0797360437812369	0.490631929474465	0.788612214419474
GPSM3	10.5668181628743	-0.0280185646884149	0.0743658029611192	0.490813675757921	0.788612214419474
FLNA	9.88316877272727	-0.0282008738025864	0.0747773724373438	0.489060389846233	0.788612214419474
KLRG1	13.8537207277048	0.026633855248763	0.0758907632976861	0.494398384974559	0.788612214419474
UBA52	55.8481698907193	0.0290700800835469	0.0544615516420013	0.493416178276592	0.788612214419474
HMGN1	8.24724287956097	-0.0240071176137814	0.0794412435334461	0.490072230398099	0.788612214419474
MT-ND4L	185.561202956939	-0.0289836635661812	0.0692290324526157	0.491691395602457	0.788612214419474
MT-ND5	96.073853658424	-0.0296950784432249	0.0637249671361755	0.494553422602043	0.788612214419474
GYPC	7.08351712439961	-0.0245703934425229	0.0783357429407075	0.496773106011	0.78944771278512
EIF3F	11.798984646646	0.0276801911208476	0.0724615808786006	0.497510206565322	0.78944771278512
EIF4B	8.82846130569817	-0.0271325702910175	0.0757109702863992	0.498422496631283	0.78944771278512
CLIC1	16.1684450276859	-0.0287188737602656	0.0676810030132311	0.506141062528466	0.799883643460166
CXCR4	22.9736729531864	-0.0247024504000524	0.0774724405308287	0.508543489390054	0.80189040197808
MYL12A	36.0033345445406	0.0285384610663018	0.0600957949513736	0.510948673132742	0.80389257906218
MTDH	5.05738904622314	0.0210946389561428	0.0804770514850975	0.512478882900417	0.804512303976708
SKAP1	4.89920155414911	0.0225207258909941	0.0804309102787942	0.516208311815571	0.808574081339433
TRAF3IP3	7.8352404022233	-0.0223812420648189	0.0778192637136763	0.521305165240713	0.809066125484124
SRP9	5.359975856669	0.0216892196329296	0.0792223945694581	0.5260206535148	0.809066125484124
LBH	5.25264089898818	0.0199539876246898	0.0804982359389625	0.529092678106143	0.809066125484124
GNLY	25.5279693690579	-0.0107487746023771	0.0839751473734544	0.521449638343216	0.809066125484124
SF3B1	5.34016042770571	0.0216546223776482	0.0793861120818351	0.526098687265501	0.809066125484124
BRK1	5.8733125192811	-0.0221292209363803	0.078831867323643	0.528820416840289	0.809066125484124
CBLB	4.52426005612333	0.0191897221405762	0.0813506132299109	0.523131827806164	0.809066125484124
CCNL1	6.70623959217399	-0.020223854489208	0.0802869971230468	0.527123069511215	0.809066125484124
RPLP2	120.434704930361	0.0252643758008302	0.044846487979605	0.519490714709686	0.809066125484124
LCP1	14.804272653217	-0.0252453278608275	0.073747125373706	0.52628073601939	0.809066125484124
SMCHD1	5.54445683146133	0.0190768360178136	0.0810080926616627	0.527929643145506	0.809066125484124
GZMK	34.2702926340261	0.0264797109108417	0.0688704544661232	0.532861980412857	0.812060094061282
RPL26	62.1592033311263	-0.0261720165772933	0.0706818888720782	0.533344553302961	0.812060094061282
NDUFB9	5.51257845566493	0.0217414275543477	0.0783793411918189	0.537005678689377	0.815879872343517
RPL6	109.915505729052	-0.0262231478940782	0.0444655348219737	0.538730102091877	0.816747135505458
PKM	5.94420039620461	-0.0215682362988784	0.078572043953592	0.540343083889244	0.817442101268343
CDC42	7.39291160723546	0.0227463484009142	0.0763967506962744	0.544355647486644	0.819061600840572
UQCRH	7.57439995987526	0.0224681811886694	0.0763642251432864	0.546679197835718	0.819061600840572
RACK1	61.2903081153786	-0.0249596361919617	0.0527912636032242	0.545003657963348	0.819061600840572
CCND3	8.29701717410185	-0.0234369527755154	0.0760787615187631	0.542946638870072	0.819061600840572
RNF167	4.5475193707999	-0.018652081320437	0.0804934462856509	0.547197933894902	0.819061600840572
NACA	62.0646803199711	-0.0240177091754206	0.0491158038587032	0.550240796280852	0.820148386877565
RPLP1	284.691724429058	0.0244469137786405	0.0501511955047368	0.549107165399921	0.820148386877565
PSME2	10.340075392927	0.0226231201827368	0.0758809285962635	0.552434879373375	0.821688854194011
SRSF7	11.2779022213897	0.0221191530054722	0.0753910691644019	0.56522860599085	0.825460093542663
CD8A	9.08828260592959	0.0130525216094112	0.0829076492062634	0.564972231741273	0.825460093542663
RPL35A	122.657980266497	0.0220978692384512	0.0465972759978224	0.559392206735638	0.825460093542663
ATP5MF	5.80287487662292	0.0197957968701048	0.0789724300686682	0.557431759980422	0.825460093542663
TSC22D3	19.0743337274026	-0.0195955929204317	0.0793136986948119	0.557958287779631	0.825460093542663
NDUFA1	7.86345898595245	0.0209183220333214	0.0769276375391676	0.567795290332312	0.825460093542663
RPL7	35.986483998558	0.024731843425942	0.0596026433096922	0.567239312796616	0.825460093542663
HSP90B1	9.14432759812367	0.0223444343601163	0.0750014527143707	0.563527602469013	0.825460093542663
RPL36AL	35.8794155810676	0.0245940336144716	0.0582721397313522	0.566283745543479	0.825460093542663
RBBP6	4.36202254875772	0.0180938398208942	0.0799639224851472	0.566183674035568	0.825460093542663
ARHGEF1	6.88410417242684	-0.0201137402990512	0.0772450316836202	0.56715774420041	0.825460093542663
RPL18A	154.472242890432	0.0198824960944974	0.0394616649992975	0.569814177663675	0.826697618413692
NDUFB2	6.06350230261132	-0.0199086409051027	0.0771369606018268	0.575342783768945	0.831418360354845
LAT	5.44673584474422	-0.0191817357210297	0.0787513723839769	0.575416661827506	0.831418360354845
SH3BGRL3	51.0687581389357	0.0232858380049664	0.0544759671685883	0.578374460656234	0.831679312491989
CD2	9.86903249157583	0.0190067997069357	0.0781407091048696	0.579617458675389	0.831679312491989
PAIP2	5.1581078881303	-0.0181516275363609	0.0788530020552355	0.581470705767704	0.831679312491989
RPL39	210.840791901403	0.0230693557446189	0.061684909115288	0.580998052414463	0.831679312491989
EIF5A	6.97000437194157	-0.0204366670156986	0.0765923310208599	0.58030188772647	0.831679312491989
CASP1	4.52326965582971	-0.0159823947032498	0.0807607247971401	0.583255844206796	0.832550680843571
HSP90AB1	16.216908206254	0.0224568291936928	0.069156350244512	0.584530807518133	0.832691774090217
UBB	15.1191275895009	0.0215891913886712	0.0714100795436375	0.594924748856697	0.845796630904702
CAPZB	7.54226978216178	-0.0192264913676878	0.0758860633722928	0.60476706003822	0.847871442588237
ATP5MD	6.77288022066563	0.017265677268877	0.0782441117559332	0.604576419240394	0.847871442588237
KIAA1551	6.91432827706524	0.0165150367552842	0.0793260134941975	0.600931516064868	0.847871442588237
ARPC3	13.5607018154025	0.0214453415420138	0.0692605038563509	0.604128890124519	0.847871442588237
RSL1D1	5.09502625595199	-0.018113285299721	0.0776157987827032	0.599840033513112	0.847871442588237
PRDX2	4.29655752993533	0.016099658071308	0.0798440194185699	0.602158194563168	0.847871442588237
ATP5PF	4.85749372767218	0.0174841001672768	0.0783425992329593	0.602772466574145	0.847871442588237
PDIA3	8.79936934047433	0.0198541472969167	0.0742654931010055	0.607346910361136	0.849805558370917
RPLP0	101.281787472613	0.0210197113270479	0.0519336916121543	0.611740589995663	0.854264965911104
SNRPD3	4.43579878212668	0.0146917826222675	0.0804545098027968	0.613713743304162	0.855333327282179
ZAP70	7.50959092320784	0.0180972197228515	0.0764260045800303	0.616784094692967	0.856080454540129
EMB	5.43145431674415	-0.0166670461871567	0.0785873729546715	0.618211255799426	0.856080454540129
APBB1IP	4.92171554182895	-0.0148705069579517	0.0798368733381199	0.62029558358628	0.856080454540129
ALDOA	4.96127706561866	0.0163680063293464	0.0788087099626166	0.619180907965186	0.856080454540129
IER2	10.8756118797703	0.0155336278122429	0.0794202155656215	0.616924588922099	0.856080454540129
DUSP2	52.5488432152636	0.0180684903808408	0.0759893807456832	0.621538332828313	0.856126730821879
RPL17	13.3219709487214	-0.0190391533382978	0.0738891231813951	0.622779649765522	0.856170858318427
SSR2	11.5709084577551	-0.019821111280728	0.0712775012960232	0.626159903856584	0.85914963552415
LTB	36.7901116267946	-0.0157638841937738	0.0786619076605488	0.630929560356202	0.86364115516415
ATP5MC2	19.8542823902413	0.0205143037234139	0.0632383603649828	0.631873048552302	0.86364115516415
RPL24	62.2599303163057	0.0185365778856766	0.0474298439726639	0.637779388876185	0.869338964235419
EIF3E	10.3998332701598	0.0180598499593398	0.0741579487019881	0.638497544353698	0.869338964235419
ARPC2	12.838251322858	0.0189186025960555	0.0700147484624225	0.646057447461309	0.870014617807535
MTRNR2L12	88.0533467304463	-0.01370881493008	0.0797092978870401	0.649722715250183	0.870014617807535
HCLS1	8.15440721631209	0.0161411532959202	0.0747016652366077	0.668860040532603	0.870014617807535
FYB1	6.95794549609229	-0.0136021072202911	0.0792585122769331	0.657506771084068	0.870014617807535
GLRX	4.86572931783713	0.012559345496358	0.0801909495701932	0.6594139051452	0.870014617807535
LCP2	7.25429783970602	0.0155533184622061	0.077634422738844	0.645963497234963	0.870014617807535
HLA-A	106.774693089679	0.0190047379775358	0.0655764905988916	0.655989253121735	0.870014617807535
SNX3	4.42634962026396	-0.0131008378409882	0.079159680650662	0.670288256091151	0.870014617807535
LAMTOR4	5.02288820398178	-0.0145859942257475	0.0786085874452955	0.653719030108916	0.870014617807535
COX7B	5.28737255885519	0.015523410290159	0.0785453366366071	0.652558183221668	0.870014617807535
EEF1D	41.6651272054782	-0.0183141061661963	0.054213325838543	0.662550747770925	0.870014617807535
CD44	7.02949321148823	0.0153405788211358	0.0771088587915052	0.661123538905154	0.870014617807535
COX8A	6.98172469684612	0.0157552961448635	0.0751274566139857	0.666943934926719	0.870014617807535
NEAT1	6.1817932683143	0.0123825699996829	0.0806649011767647	0.652645104146687	0.870014617807535
CD3G	7.31910864053792	-0.0176018025250302	0.0745424613730229	0.643084847140195	0.870014617807535
EPC1	5.63005129438328	0.0148164303889271	0.0775127863654693	0.663615344793589	0.870014617807535
SNRPF	4.49525749274673	0.0132038660754777	0.0793736684047915	0.663888944654548	0.870014617807535
FOS	21.9023998904262	0.00801931250662087	0.0833732838591588	0.654000572457335	0.870014617807535
HSP90AA1	19.7742058326045	-0.0189503211688842	0.0690784824343165	0.646849690828436	0.870014617807535
PFN1	65.5041571403126	-0.0170272229881209	0.0526998797954787	0.670943476444794	0.870014617807535
KRT10	6.81000959517912	-0.0162816888803186	0.0751745448977831	0.658634502367243	0.870014617807535
SEPT9	5.01593159020692	-0.0142953215042529	0.0777638989596338	0.668858198619212	0.870014617807535
LSM7	5.93625531536915	0.0137919350888619	0.0784521319809049	0.666015024608055	0.870014617807535
ICAM3	7.81361999807424	-0.0181885230434867	0.0737354371541014	0.64573453795649	0.870014617807535
ST13	5.33103756299814	0.0148330378032366	0.0786884641720446	0.643976167656837	0.870014617807535
SOD1	6.68437691326163	-0.0156240021934762	0.0752589260213885	0.667978603818603	0.870014617807535
CD48	12.7524660846478	0.0158237893576523	0.071682494269655	0.675931769817121	0.873414050972113
UBXN1	6.17325611524533	0.0145307855973208	0.0765091148869963	0.676032344537737	0.873414050972113
CHCHD10	4.83572942752861	0.0117739086689328	0.0800408928015507	0.682510339958521	0.878576946710242
PRMT2	6.4546368456688	0.014451398747716	0.0763509672350909	0.682070266983111	0.878576946710242
TXNIP	38.3172444690014	-0.0149039860006389	0.075112057061566	0.684771291356813	0.879887612124544
LITAF	9.5559597891954	0.0147214790444126	0.0750347444768283	0.687969841373668	0.882396100892313
CMC1	6.66168088304764	-0.00840869222192446	0.0823814553545892	0.691475988772688	0.884238695919327
CDC42SE2	5.18149321420828	0.0116906390442547	0.0785339044155102	0.691904290309756	0.884238695919327
DRAP1	6.04315301242473	-0.0137037818322077	0.0768254692044516	0.695264400903988	0.886931884396438
SSBP1	4.62386101028187	0.0118379733371079	0.0788859927899858	0.699120835783859	0.887330822541552
CLEC2B	6.38916197008912	0.0131324389656215	0.0773316984954301	0.69755171320434	0.887330822541552
MIF	17.2339926997195	-0.0144707562974811	0.0734195017458278	0.699337004206477	0.887330822541552
ATM	5.49759743866162	-0.0112951020438087	0.0794307743191571	0.702223898133148	0.889399856669532
GABARAPL2	5.59530858751985	0.0131071700082598	0.0762086461792431	0.707533782883867	0.893030288865798
UBL5	11.2352941325997	-0.0141016697075043	0.0740654862992592	0.707612983126713	0.893030288865798
PGK1	6.09086818288975	0.0122400694979553	0.0764140445522888	0.715305636340434	0.896347593856685
CYTH1	4.57792029372741	0.0104940445961972	0.0796935491047027	0.713017715181397	0.896347593856685
UQCR11	9.74968913477923	0.0134725378249934	0.0744193594497088	0.714953110449494	0.896347593856685
FLT3LG	5.73718394031446	-0.0118828848497333	0.0777707765512483	0.714219519896408	0.896347593856685
ATP6V1G1	9.133816381581	0.0138879139287411	0.0728917109170151	0.718361272921874	0.898586185916407
WIPF1	7.8580842796981	0.0121993005189423	0.0755025686592613	0.730761608681441	0.900360948456512
ATP5MC3	6.71995529290143	0.0128105430787359	0.0748176505800889	0.725219125005772	0.900360948456512
CAST	5.2843723948886	0.0112206546205411	0.0779466405354095	0.730060056506755	0.900360948456512
RPL8	100.272347229526	-0.0151745864800745	0.0591519985801854	0.722966643033784	0.900360948456512
ANP32B	6.16784251913387	0.0126542835343168	0.0754810735758686	0.724240799422975	0.900360948456512
NEDD8	4.66792744372383	0.0115205050346277	0.0772349775656386	0.728786947575652	0.900360948456512
VAMP2	4.50794562074076	-0.0096697266508807	0.0799807772634175	0.731225346557195	0.900360948456512
RPS28	154.817669496479	-0.0138251454917453	0.0475310678589472	0.726276216281862	0.900360948456512
XRCC6	4.529991812064	-0.0113027024004278	0.0776855726303204	0.724471690089482	0.900360948456512
HIGD2A	7.07540638312258	-0.0122905327254326	0.0748382547833727	0.73686949121744	0.905735416288103
RPL5	82.9232491555758	-0.0137620953901788	0.0509682261654645	0.740598021802533	0.906524536062328
TUBA1B	4.54567894065023	0.0095404029978284	0.0796301332270922	0.741352692627243	0.906524536062328
CORO1A	20.9415381152726	-0.0139030723067599	0.0668756231931254	0.740091737957015	0.906524536062328
RBM8A	4.77120208047584	0.00964444866627127	0.0782751023867438	0.755022643289074	0.908031448327071
TAGLN2	11.8728579949747	0.0118371383535854	0.0748880451506628	0.744594777637017	0.908031448327071
SQSTM1	4.75105794071109	0.0094384650151605	0.0781194818083567	0.75829334548362	0.908031448327071
HIST1H1E	4.72818302963595	-0.00776256207846794	0.0809589390314839	0.757666337886216	0.908031448327071
TMEM258	7.61278019982844	-0.011091546835702	0.0749102410211204	0.758058710909918	0.908031448327071
TBC1D10C	5.75143865973751	0.0107362370626943	0.0769167322475591	0.749679036167398	0.908031448327071
SLC25A3	6.08535617179737	-0.0110485641708614	0.0753750099222256	0.758519783871439	0.908031448327071
RPS27L	6.2028003370951	0.00990525066233897	0.0776203466029218	0.759257934194387	0.908031448327071
SRRM2	6.5715743248317	-0.00924747269845759	0.0777841728882391	0.757228312172886	0.908031448327071
ELOB	10.1106530043731	0.0113563524386069	0.0747954628884779	0.749252452514597	0.908031448327071
RBM39	9.32976486650345	0.0111652434753024	0.0745926121995934	0.758052923018417	0.908031448327071
STK4	6.35991001475028	0.0113980504241174	0.0758598107633148	0.745644673515034	0.908031448327071
TSPO	5.16175554282754	0.0103022914567835	0.0778403349967663	0.751110888866655	0.908031448327071
RPS15	129.709575700105	-0.0102699265823413	0.0388118152766854	0.764703773164782	0.913002144014613
HNRNPC	9.14794227050063	0.0111405460505813	0.0733844360873539	0.76656930785478	0.913688669968324
TLN1	4.50834764016874	0.00874802916873994	0.0788693720217987	0.768266790349673	0.914172920281627
EDF1	12.5688242883098	-0.0117690659628124	0.0680619122550534	0.776631185892498	0.916424799353148
UBC	30.9980922423183	-0.0122176920305892	0.061903464530004	0.77334152365521	0.916424799353148
RSL24D1	4.91882924323015	0.00951531725210966	0.0773792215904125	0.775893664817531	0.916424799353148
ATP5F1E	28.7264693731785	-0.0119548581956498	0.065634308346997	0.774218284258996	0.916424799353148
CIRBP	16.6690277059366	-0.0118772263351972	0.0663754596721881	0.774619260680761	0.916424799353148
RPS27A	212.041657645232	0.00958464153369477	0.0384599910717973	0.781577009161744	0.919196881206835
NKG7	68.5612057519795	0.0116331353737451	0.0651900298474363	0.781133031459027	0.919196881206835
JTB	6.89311816209327	-0.0094691854604271	0.0757352797044423	0.785022371744287	0.921717809610208
CD96	5.35988953824849	0.00923122414643854	0.0765265546934678	0.788389706512892	0.924138927501867
CHCHD2	14.5440185476651	-0.010329050722042	0.0672856493061063	0.801557691777439	0.931961772197269
SLC25A6	17.2074922254128	-0.0101732710024435	0.0702082593901146	0.800021925515657	0.931961772197269
RPL30	232.89204283498	0.00876742172812675	0.0389472844303787	0.801467067727589	0.931961772197269
LDHA	6.75496503716843	0.00902687722832541	0.0754577275345904	0.797712648048939	0.931961772197269
EIF3G	9.23593734808226	-0.0095135670991999	0.0716250732592779	0.801645083712058	0.931961772197269
CFLAR	4.56416949492334	-0.007450703842815	0.078717226247492	0.803279299361884	0.932330727783958
MRPS21	5.62869611690521	0.00811954451600137	0.0768441623034119	0.806181859358924	0.934168177456822
CIB1	4.63638452393879	0.00715878409137011	0.0784751431801425	0.812561351424603	0.940021955569638
TRMT112	5.6985860722405	0.00765067208807591	0.0765296666867911	0.816117929572458	0.942596238396901
CRIP1	4.53243611010895	0.00654280813260438	0.0794415784716077	0.81934576350401	0.944783062802669
PNISR	9.31365556232588	0.00823368096535845	0.0722102395148002	0.832167116759793	0.95800702222103
RPL22L1	6.2670817821349	0.0067022415219875	0.0766143729171325	0.839338797065465	0.959161977662974
PPP1R18	4.53006056491687	0.00622640040987528	0.0779365759334905	0.841010141805361	0.959161977662974
HNRNPA2B1	19.2794387782043	0.00848249292649117	0.0673225425401637	0.836444332060635	0.959161977662974
SIGIRR	5.46735487383004	0.00652133866496899	0.0767834822993948	0.840874938313482	0.959161977662974
FAM107B	6.62500773174914	-0.00654749423508879	0.0781507192173671	0.83571945324343	0.959161977662974
PSME1	17.72306102907	-0.00800906158311813	0.0664368601814728	0.841298853289134	0.959161977662974
ATP5IF1	7.46546479695757	-0.00680979642973908	0.0740584527499983	0.846260875759953	0.961954835219411
TRBC2	12.2393173879535	0.0054607608727138	0.079225150569439	0.84727994377333	0.961954835219411
IFITM1	38.6966955833633	-0.00851915759839642	0.0584017173519478	0.847824600532362	0.961954835219411
EIF4G2	6.7182975569467	-0.00646860047551653	0.0751225426780693	0.851499857690407	0.964579038791693
GZMA	30.3787815344505	-0.00744044243378477	0.0676859621756799	0.854284630863882	0.966187729475445
GPX4	5.7717684423252	-0.00622304062777429	0.0761867502772282	0.857011756004986	0.967726193383621
RPS15A	205.070834357438	-0.00710365927082139	0.0402072722433965	0.861997253313394	0.971805820614463
BZW1	5.05424192037061	-0.00543684405009356	0.0771454831081271	0.866190316024329	0.9726167292695
ARF5	5.43600005596634	0.00555627623119582	0.0757063731750017	0.864194593347875	0.9726167292695
SF1	8.68352614817891	0.00622233679771804	0.0728976120582678	0.867487210402946	0.9726167292695
MYL6	29.1367079294403	-0.00695200509957709	0.0629986056776551	0.8682115436417	0.9726167292695
HNRNPM	4.30565881564839	-0.00474841414266019	0.0784157608362129	0.872218685205453	0.975562131319844
COX7C	23.1741403401253	0.00617869522072809	0.0636994773174678	0.884028795232851	0.977956854726341
SH3BGRL	5.21824772428687	-0.0047674632909632	0.077550541255326	0.879527667671708	0.977956854726341
SLC25A5	5.87451076958213	0.00514306467268673	0.0755599328439647	0.881563648818469	0.977956854726341
GSTP1	5.46897036441848	-0.00477371476878214	0.0778843903359951	0.876187696096218	0.977956854726341
ATP5F1B	6.17326484905276	0.00518268678859659	0.0756107110664036	0.8826831655899	0.977956854726341
JUNB	39.0136152570252	-0.00558334388426484	0.0740093021400556	0.878022719040097	0.977956854726341
CD37	14.3777497726702	-0.00612726562409488	0.0667166125013742	0.882354499345338	0.977956854726341
RARRES3	12.3180292494943	-0.00498249584985343	0.0746530668336875	0.885854071770154	0.978447243078422
CCNH	4.84428230993195	-0.00357172704176095	0.0802944634271164	0.888751369829785	0.978594043296249
ATP5F1D	8.43163635048638	0.00542149476074542	0.0718091949966045	0.888153317983187	0.978594043296249
ARL6IP4	7.13131292947338	-0.00495050212814316	0.074219183337142	0.890462660573311	0.978955844232771
CUTA	7.79760053465877	0.005006456485143	0.0734707614331119	0.893942771008058	0.979308839980661
POLR2L	7.02764156891158	0.00471402896719945	0.0741900573735693	0.894933360829785	0.979308839980661
NFKBIA	15.0632567384519	-0.00342158596447947	0.0803342695741876	0.893544063557415	0.979308839980661
COX4I1	25.7205136540185	0.00546156450185717	0.0582997821392315	0.896916173653036	0.979963967509799
COX6B1	10.3858307527286	-0.0047370834693605	0.0716775355778831	0.898928859144315	0.980649664521071
RPS21	106.898370804345	-0.00462603818471839	0.0645086813136252	0.90318841039186	0.983780607011441
SRRM1	7.48963952792165	-0.00225140016507075	0.0735360923064403	0.952775417331758	0.983791009827371
SRSF11	6.67074432221888	0.00193639030561398	0.0774884275319815	0.950971930529485	0.983791009827371
KRTCAP2	7.71789055108508	-0.00299072293016745	0.0750725292251872	0.926244833983247	0.983791009827371
RPS7	114.615211891597	0.00303801000043689	0.0436583988289742	0.929385845521308	0.983791009827371
COX5B	8.78931554581023	0.00312321720849391	0.0721194883850084	0.934205040223602	0.983791009827371
BHLHE40	5.25633961035397	-0.00219727679613197	0.081373556084053	0.922206022162289	0.983791009827371
RPL32	212.150633488318	0.00295013323706916	0.0411815443225122	0.915366952418479	0.983791009827371
MBNL1	11.1601511979864	0.00343918354343982	0.0718198112880343	0.928735770891805	0.983791009827371
LYAR	10.9652085608943	-0.00420663089260281	0.0709115943686913	0.911574043073479	0.983791009827371
C4orf3	5.12723186236949	-0.00272992932450677	0.0755172256229547	0.935269476712153	0.983791009827371
NSA2	5.97346745564805	-0.00248232662883028	0.0758357047925884	0.94640642513842	0.983791009827371
HMGN3	5.08463268601345	-0.00178766824530956	0.0786123002099498	0.950383659547686	0.983791009827371
TNFAIP3	17.0755826289381	-0.00218910024500917	0.0788243868615014	0.93904830657414	0.983791009827371
PSMB1	4.84488007273871	0.00251300761577983	0.0763792092895235	0.94307205063787	0.983791009827371
GSTK1	9.63151094950324	-0.00233834784562434	0.0725815676408609	0.95238951683338	0.983791009827371
GIMAP7	7.46646200558215	-0.00183551778783563	0.0791092681004992	0.947951330106492	0.983791009827371
EIF2S3	4.92398165789812	0.00282886596822851	0.0771972759554097	0.931571819981712	0.983791009827371
MSN	6.5089247368843	0.00353287202679783	0.0735809064076728	0.920915221418932	0.983791009827371
ATRX	5.66908773595116	0.00279071931265929	0.0774891548634756	0.928857872943319	0.983791009827371
UQCRB	18.0062345805939	0.00311058611043314	0.0652216667351462	0.93676749012273	0.983791009827371
EIF3H	8.21915196701042	-0.00412931874182223	0.0735984544497961	0.909953307934496	0.983791009827371
DPP7	5.75574574164401	-0.00223230992448082	0.0771166331022898	0.945498038264973	0.983791009827371
CTSC	6.32364419710556	0.00221278467805659	0.0768285749605296	0.947036685464796	0.983791009827371
ATP5F1C	4.6644140686801	0.00195424118245782	0.0779310181641866	0.948240302098765	0.983791009827371
TPI1	6.90371863392508	-0.00395550434908347	0.0742756868976801	0.911483452611836	0.983791009827371
TMED2	4.44931286607897	-0.00315753225183862	0.0776007233904955	0.91989613848243	0.983791009827371
GTF3A	8.60837314214741	0.00259297000711392	0.0728517897366225	0.944891993688993	0.983791009827371
AL138963.3	6.03914745414796	-0.0013206977632013	0.0812587616238321	0.953221232685843	0.983791009827371
GNG2	4.76575502759136	0.00207332209249734	0.0784814978328601	0.944960747300913	0.983791009827371
EIF5	5.07708355707657	-0.00228823790484387	0.0779195231330428	0.939495809824225	0.983791009827371
SPSB3	4.50045269843625	0.00322695611206505	0.0769794136422702	0.920628554662564	0.983791009827371
TERF2IP	6.09222965680748	-0.00307243164200755	0.0751338821861803	0.926728445482087	0.983791009827371
CDC37	7.60392666542321	0.00414427147903156	0.0741579880034785	0.908689327213635	0.983791009827371
DNAJB1	8.48667111909691	0.00247853512716347	0.0793338102492562	0.929248345589411	0.983791009827371
EIF3K	15.4267619503929	0.00322834684005796	0.0658615635633483	0.938395256578248	0.983791009827371
BAX	5.25109978210204	-0.00297453150095515	0.0765942310867267	0.925731077410473	0.983791009827371
PRELID1	4.26526518423681	0.00166475863208005	0.0773997028223064	0.957396942810797	0.984060692488445
EEF1A1	490.777343365853	-0.00221975238328873	0.0506873177525046	0.956277400315471	0.984060692488445
RPL23	15.6289108915961	0.00201456043649593	0.0699311467210421	0.958800583138929	0.984060692488445
ARHGDIA	5.73028061804025	-0.00178148458431503	0.0749715974814005	0.959042200306535	0.984060692488445
MCL1	6.42258986519755	0.00146697576452728	0.0783553193940424	0.960972844606238	0.984614723561818
HSPA5	8.55522069577927	0.00122531294717375	0.0759238887278329	0.963952299728877	0.986240214173475
PPP1CA	6.8077003051514	0.00174287629693541	0.0746174434884575	0.965455080984613	0.986352377109821
ACTB	167.107920161407	-0.00182653732886425	0.0583235349431994	0.96693926762256	0.986445247084687
LINC01871	6.21951984614559	-0.000803047523493955	0.0811484561786996	0.973396689153927	0.991604109238821
ARL4C	15.3814875962355	0.00104775768170706	0.0746157328900299	0.976600132760626	0.992012760393864
EIF1	71.8462929335909	0.00135649197387122	0.0633460765664792	0.976394075695218	0.992012760393864
AKNA	4.46087003901746	0.000724711337945567	0.0780405925569528	0.981253995061489	0.995060275553093
CSTB	5.38246137175047	-0.000819755481834334	0.0758666035307402	0.982411204253689	0.995060275553093
NDUFA4	8.63738953488078	-0.000628427118939481	0.0710567612208841	0.983991772374721	0.995237392630432
TMSB4X	202.52474341431	0.00134416331222029	0.0516215858877751	0.995409518107983	0.996817452362732
SEPT6	6.21303672016799	0.000478645236272833	0.0765995097774298	0.988836642008182	0.996817452362732
LDHB	9.46014397688192	0.000451192947810686	0.0709397284967219	0.995211042055693	0.996817452362732
NDUFB10	4.45336725610716	-0.000181541599805302	0.0778087266374044	0.994687102545243	0.996817452362732
WDR83OS	5.78075941403302	0.000174642399594971	0.0760273187944168	0.994923163978771	0.996817452362732
C19orf53	6.14219588454585	0.000588729225254996	0.0745893025444051	0.987214268384019	0.996817452362732
HNRNPUL1	4.50250223936372	0.000360498756510802	0.076782365249542	0.991621657596217	0.996817452362732
EIF3D	4.30693624810749	4.30034692370301e-05	0.0772802083483595	0.999580027910399	0.999580027910399
