""	baseMean	log2FoldChange	lfcSE	pvalue	padj
RPL37	296.056155647182	-0.356704377573141	0.0694395883816751	2.10462618388911e-08	3.59891077445038e-06
RPL39	421.40860755691	-0.371893534331233	0.071166035138105	1.20202086984021e-08	3.59891077445038e-06
RPL37A	142.404411033391	-0.384522017542448	0.0788653159555168	7.29226358416333e-08	8.3131804859462e-06
HLA-A	143.672709053032	0.413282178602761	0.08779167248552	1.75737365214409e-07	1.50255447258319e-05
RPS28	301.183248072273	-0.324237168335781	0.0733729880496237	7.34971951952097e-07	5.02720815135235e-05
RPS29	129.598973289714	-0.768354446828716	0.188153948910605	1.57178894933822e-06	8.95919701122786e-05
B2M	564.153650264509	0.217050733203535	0.0545034295735409	9.23582891221951e-06	0.000451236212568439
RPS6	243.755467362254	-0.22831774806658	0.0595703982175541	1.31748977931164e-05	0.000501632609089097
RPS21	194.812275127381	-0.38727493174772	0.105596746442307	1.32008581339236e-05	0.000501632609089097
RPS23	373.000496075393	-0.224606909193943	0.0591381006331121	1.72908121887411e-05	0.000537587069868131
MT-ND3	360.080680307094	-0.51949169397765	0.147497680341279	1.57489114319144e-05	0.000537587069868131
RPS27	542.025661005252	-0.385519315262161	0.113294223616016	3.52494327193931e-05	0.0010046088325027
RPS18	362.520550171088	-0.274124518634631	0.0798570621355971	4.70181265330876e-05	0.00123693840571661
RPL6	170.196618620177	-0.176163890676973	0.0494530098398039	6.5913663231981e-05	0.00150283152168917
EMP3	29.6631352468567	0.455023952194564	0.138862160414492	6.28614910564376e-05	0.00150283152168917
RPL35	107.675646309643	-0.224093102297965	0.0660378560093831	8.60797727094081e-05	0.0018399551416636
RPL41	724.274733656288	-0.170099645158689	0.0501413817335735	0.000125234148204827	0.00251941639329711
RPL38	65.7025202410052	-0.326706077748367	0.108147093933448	0.000165702109363019	0.00298263796853435
PPDPF	36.9092544172862	0.305748879140565	0.0988500125301838	0.000162250840018534	0.00298263796853435
RPL36A	35.3971769933595	-0.532158561718797	0.189019859720869	0.000184070179484084	0.00314760006917784
HLA-DQB1	53.741113861981	0.386974515803957	0.136702295939459	0.000258111854876464	0.00420353592227384
RPLP1	620.291056871336	-0.172053281654074	0.0557845035089488	0.000338921981069967	0.00526869625117858
SLC25A6	40.9795161258399	-0.28631213807707	0.103737682562966	0.00037491003344146	0.00557474919291215
RPS15	248.353252129593	-0.152996365969967	0.0498323486794049	0.000442350331463901	0.00630349222336059
RPL23A	206.690707381212	-0.191221126894298	0.0659797888793763	0.00052197839502793	0.00714066444398208
RPL22	115.380918836831	-0.179070591672818	0.0623632412812731	0.000635433905741618	0.00835839983706283
RPL17	19.7872575692219	-0.380189589778612	0.15904651035699	0.000727525525298832	0.00921532332045187
RPS20	47.970838914024	-0.286181348441035	0.113270207142074	0.000796967983617988	0.00973439465704828
RHOA	28.6763727667933	0.244906725726414	0.0952962813891185	0.000893811088780028	0.010540806633199
RPL29	227.72445106466	-0.14305066826077	0.0499009915474091	0.000977166387449112	0.0111396968169199
RPLP0	163.096090411755	-0.200786153402573	0.0778484651443215	0.00120526374570595	0.0132967806784333
RPL23	33.8921901279109	-0.247799197876916	0.104161663904773	0.00138983386982648	0.0148538494837705
HLA-B	249.630862165541	0.256398174764566	0.109859185418796	0.00157857098080546	0.0163597356192566
RPS3A	297.856011341199	-0.210324595607678	0.0913125711151769	0.00204128972577798	0.0197411280748581
RPS24	214.99343202138	-0.147631466867562	0.0569010025659026	0.00203069338295324	0.0197411280748581
RPL4	87.6465151868677	-0.164493000870294	0.0652784489233281	0.00207801348156401	0.0197411280748581
RPL32	394.967727921043	-0.146343979148597	0.0567749800105675	0.00218577667803537	0.0202036655104891
RPL34	346.455623393771	-0.179772480140128	0.0747401944424958	0.00227302513817837	0.0204572262436053
ZFAS1	20.5167340780414	-0.311479851489616	0.164919212414665	0.00251334120515328	0.021898844882113
KLF2	46.9941687092114	0.371819267917062	0.193199676982963	0.00256126840726468	0.021898844882113
RPL36	176.9833764542	-0.151947728635536	0.0611060398967037	0.00263045995620701	0.0219418854883609
SH3BGRL3	66.766989835795	0.206033323805833	0.0929748627361228	0.00304586042555813	0.0236746423986564
TPT1	256.431344431298	-0.201036078826488	0.0914364207220441	0.00294377928688098	0.0236746423986564
RPL13	443.461251136183	-0.150471568873878	0.0620383188431288	0.00301163500911433	0.0236746423986564
HLA-DRB5	51.4831090370344	0.459889704796834	0.271761748399141	0.00320290173318103	0.0243420531721758
RPS8	423.227897685576	-0.154529405652405	0.0657596781174957	0.00345126866133537	0.0256594322212325
HLA-DPA1	122.261664842935	0.211434918672698	0.101812416239566	0.00369624702075158	0.0268960953424902
RPLP2	242.925351774196	-0.138129202765952	0.058362930059064	0.00416603128028112	0.029682972872003
RPS2	267.180380985982	-0.14958261223393	0.0655480207503969	0.00439469691317036	0.030673190700087
RPS5	149.086932692667	-0.174842070170934	0.082502483751354	0.00460436877520576	0.0314938824224074
HLA-E	62.0582886130946	0.164066272030424	0.0754780954923413	0.0047792722474552	0.0320492374241113
RNASET2	17.0821864834033	0.241179249400438	0.139575021162685	0.00505758075282663	0.0332633195666675
RPL15	158.456540918346	-0.121751569404458	0.0509929463072185	0.00521528597854179	0.03365335480493
RPS7	226.991276735089	-0.113358538849207	0.047262395043162	0.00563991127067518	0.0342079672170229
PCBP1	29.3486466613027	0.189603947903	0.0958544867103298	0.00550691005921798	0.0342079672170229
RPS4X	305.536478601079	-0.114368318236288	0.0481063831317283	0.00576011488124078	0.0342079672170229
RPL7A	218.97677707083	-0.112990507097126	0.0473200328020432	0.00580135116546003	0.0342079672170229
LSP1	37.7072460499689	0.1925837992853	0.0990298397500825	0.00577690151389173	0.0342079672170229
RPL8	212.574419445396	-0.180146093916408	0.0925198746714476	0.00611416093921752	0.0354414074781761
RPS14	319.437763228606	-0.149380346475021	0.0724106640250493	0.00718405283288573	0.0409491011474486
RPL31	66.5014072593194	-0.158192927873614	0.0788252006223582	0.00735436773296385	0.0412326846667809
IGKC	39.4096013284501	-0.0782731946973956	0.142603163179491	0.00763367743221549	0.0414399632034555
HLA-DPB1	119.653322220817	0.213778211299005	0.124831782282558	0.00756836571976012	0.0414399632034555
RPS11	78.9155053086928	-0.145093151062673	0.0707158423852716	0.0079401839647231	0.0424303580614891
SET	15.3542348997283	-0.25114435663807	0.185479340015622	0.00810648709385358	0.0426525936322757
LY6E	15.3232911601338	0.242624131772015	0.169998264412095	0.00843147548775393	0.0436903729819977
ARPC3	47.6320356542383	0.158997804448758	0.083526520309958	0.0090396376108561	0.0461426278046685
ZFP36L1	14.4805500008312	0.269752951624775	0.222290169595297	0.00921663482674428	0.0463542516286256
RPL27	91.8954393949149	-0.145226160827485	0.0752247275988997	0.0103172585629	0.0511377163552433
TRIR	19.6441782483353	0.18006885895446	0.112136572193294	0.0110351014173611	0.0539143526391072
GPSM3	22.5748972115468	0.173572582826381	0.107129435878919	0.0120474729745766	0.0580314895395097
DAZAP2	21.4493903844806	0.165587911094912	0.0999647316954935	0.0123027805263353	0.0584382075000927
RPS12	482.349166436382	-0.127401440818084	0.0672608012272407	0.0138413036857468	0.0648455597332249
LAPTM5	55.8898984169028	0.17028006334426	0.10936745954303	0.0147690992658034	0.0682571884987129
EEF1B2	100.342361676908	-0.161602833574491	0.103747761228847	0.0150585574167816	0.068667021820524
MT-ND2	95.9538788666494	-0.185072341943969	0.156182131856431	0.015659394530223	0.0704672753860036
EVL	15.1180401533831	0.19248893337499	0.182591045558833	0.0169210640615241	0.0751558949226133
CIB1	15.6071125377681	0.187481923634931	0.257338752232841	0.0172444671546136	0.0756103559856135
COX7C	42.8295855333725	-0.146168837662831	0.0917005629279586	0.0180611130396876	0.0781886159439639
RPL18A	327.883258987164	-0.109008056372559	0.057250935010563	0.0187665653517891	0.0802270668788983
SSR4	15.484887922111	0.164670043432162	0.125652715102668	0.0196320091623193	0.0818798430916243
CYBA	64.9553615776735	0.125630047359727	0.071464942106877	0.019518510673369	0.0818798430916243
SARAF	22.3900667004718	0.160090153828252	0.170592345212087	0.025081464360261	0.103347720616979
RPS19	282.532466783196	-0.103644173004701	0.0587055118483799	0.0271125223883341	0.11038669829536
TAGLN2	54.4310206862185	0.150166413411631	0.179372584034395	0.0302474203816768	0.121701385535688
CCNI	32.9935070534367	0.138780565907536	0.110589007449955	0.0316466137463651	0.125850487223917
YWHAB	21.9734907527311	0.126976504869852	0.0927661088860152	0.0332456203918072	0.129204570159069
MT-ND1	168.225896343601	-0.137551130231679	0.127088449666151	0.0329336574814585	0.129204570159069
ITM2B	15.6998469623346	0.132872674151353	0.171854013037755	0.0341476951628794	0.131219233097806
RPL9	173.072233422244	-0.117304834321846	0.0814926405189344	0.0363706024351432	0.138208289253544
RPS15A	345.400592969538	-0.0957099221775298	0.0576176491731472	0.0380366583337279	0.14295095769379
RPL5	142.653091799394	-0.10485093957128	0.0677868558819614	0.0389720147886439	0.14487422888822
PSMB9	19.8878649383829	0.129348837149676	0.125207813079804	0.0406496344076705	0.149485752337885
HLA-DQA1	56.7572372832695	-0.123875257920826	0.11566157411015	0.0419278326206603	0.152545944215594
FXYD5	34.8737365225514	0.126800269654027	0.122582250277871	0.0442177312488006	0.159183832495682
RPL35A	204.701009169021	-0.104883473673853	0.0733417904339836	0.0464806268344562	0.162234428371668
HNRNPDL	27.8408288430396	0.114623587047736	0.0900541965100255	0.0463754159422763	0.162234428371668
SNX2	16.1422161222732	0.121030895423367	0.122749438883017	0.0473776934470241	0.162234428371668
RPS3	274.183635975692	-0.105110261444813	0.0749267520096318	0.0474369673601367	0.162234428371668
RPL21	142.213863675824	-0.0587755728627713	0.111856557660197	0.0473583663348096	0.162234428371668
RPS27A	333.427185269535	-0.0929004866226099	0.0605060110973601	0.0494968261455695	0.167603114275097
KLF6	28.79877572873	0.0970099210294353	0.142235102416527	0.0543145409068433	0.182113460687651
S100A10	32.7144749506772	0.0757008860595681	0.124428699195827	0.0604864413272761	0.200838475086684
TOMM7	46.4185403939768	-0.10508747955239	0.0897415106065628	0.0615202979304938	0.201343526422423
RBM3	18.245327516239	-0.109805426810739	0.115128842398364	0.0626819868608749	0.201343526422423
SUMO2	22.7011528050372	0.104474359828856	0.0889866074497871	0.0629934424771909	0.201343526422423
MT-CYB	373.348656198712	-0.106271160584585	0.100908522332202	0.0622980774434258	0.201343526422423
AHNAK	18.1155489273385	0.0949320602155742	0.127181601969101	0.0644807468075029	0.204189031557093
CD99	15.3947220714858	0.10273909364811	0.125157876469317	0.0665776165205838	0.207903652261841
RPL3	187.538886725616	-0.0895472566386146	0.0649258966950074	0.0668695957567324	0.207903652261841
ARL6IP5	15.5313741098773	0.10314864504369	0.113588266406757	0.0682303486880937	0.210223236498451
NEAT1	16.1689210480438	0.0786785940008772	0.12226178643232	0.068886662785968	0.210350345292867
MYL12B	19.4777698774923	0.103169320993295	0.0996976066767803	0.0697335433771112	0.211051963141345
CD74	1025.69025814617	0.090139538987948	0.0697075207602137	0.0761830620309115	0.224608682884239
RPL27A	62.3152969141628	-0.101233584763986	0.097015371592242	0.0749800569798693	0.224608682884239
RPS13	256.04458208373	-0.0806105139881973	0.0572449011448129	0.0759583603164278	0.224608682884239
HSP90AA1	22.5660424744	-0.0973557084014109	0.100997776788988	0.0814611199121835	0.238117119743306
UCP2	31.8209622674966	0.0908638632685577	0.1148381524945	0.0830788079413838	0.240787731491129
CD48	19.0683994610847	0.0939693409221891	0.0988182700514556	0.0866440673857783	0.249010681058287
RPL30	394.619350946428	-0.0848995433428391	0.069822110687646	0.0896830974845683	0.25559682783102
COX7A2	14.7689665287956	-0.0924142200543942	0.106692163553213	0.0913734677488477	0.258262198100049
RPL18	235.075501806457	-0.0681777328558691	0.0486224217364438	0.0938379631055867	0.263053962148448
RPL24	105.495961461203	-0.0731879178698824	0.0555066459813797	0.0990757338506769	0.273257265942996
PRKCB	15.9206303549109	-0.0738195371459683	0.110748971118977	0.0986557227898023	0.273257265942996
PTPRC	37.0979617639499	0.0882373716665858	0.0935646681583968	0.101370991744181	0.276376784675368
RPL13A	144.189086840675	-0.0745709018998336	0.0589433730872537	0.10182302593303	0.276376784675368
ATP6V1G1	21.0182204064686	-0.0874740670710417	0.0883740109342518	0.102864860975532	0.277006161052219
SYNGR2	22.4582472853539	0.0861469478684781	0.0932248971430751	0.104018058529849	0.277923250134442
RPS25	218.740457891442	-0.0767339654248416	0.0629236282552972	0.106314294395943	0.278417061497994
MYL6	39.1869322777177	0.087915261493763	0.093237056621828	0.10633528334445	0.278417061497994
COX6B1	20.826903144257	-0.0863934666109832	0.0976003994330639	0.106645131743384	0.278417061497994
RACK1	134.559260463144	-0.0710097160072826	0.0554926060869782	0.109080615516682	0.282617958384131
UQCRB	28.9104733471946	-0.0838164675715986	0.089369087584037	0.113401791040662	0.291604605533131
RPS9	131.243800739127	-0.0717601103698753	0.0588182930787465	0.117376207536737	0.299572111772867
FCMR	21.1730157645817	0.0775407485545065	0.0987860570819209	0.123190303259275	0.311185528933053
MT-ATP8	98.7655617034551	-0.036693901852379	0.0952580789793438	0.123746292207296	0.311185528933053
PTMA	150.622624180145	0.0687219992162153	0.0572331164979453	0.128937314991373	0.321040084671958
ARHGDIB	60.2488741295671	-0.0768438538726342	0.0775657593480857	0.129542490306229	0.321040084671958
RPL11	358.130414381468	-0.0654780539318878	0.0536368488342062	0.131032637156117	0.321721747950377
CNBP	17.9464069153139	0.0788520196054447	0.0879356386960398	0.131698961149277	0.321721747950377
NKG7	18.2896938029893	0.0214114488707001	0.0902601159624283	0.133339140441909	0.323418340646332
CD79B	25.5366037479359	-0.0764767048821425	0.0927960044279486	0.135430314914033	0.326177237328164
ISCU	14.5253093400695	0.0737396872862098	0.0959387806401629	0.136476803572134	0.326399068683005
ACTR3	14.8801430295444	-0.0716360751591597	0.0984900470664969	0.138589688625879	0.327617494036153
HNRNPA1	44.1085754702413	-0.0762381913641737	0.0879228458669724	0.138902153904217	0.327617494036153
HNRNPK	17.9499689786619	0.0765040729422852	0.091526067360593	0.141189800459184	0.3307322723085
NPM1	43.493776102914	-0.0748051921334433	0.0821329531165431	0.144753953303816	0.336774503604796
CALM2	24.4020198916073	0.0702237389800336	0.0968704840618939	0.145893334898321	0.337131895508283
MBNL1	16.8664601325044	-0.0734796735139778	0.0934516784328655	0.147554666235675	0.338682522500676
MT-CO3	523.170519856696	-0.0700763019835929	0.0879118126022621	0.150590307123443	0.343345900241451
RPL10	512.923225876751	-0.0670667472486003	0.0626189052353163	0.153980606616582	0.348750777899809
EZR	20.7067503036061	0.0697098746608791	0.0903456553235989	0.158568590947786	0.356779329632519
RPL26	105.082749836336	-0.0630570962414718	0.0938539228677014	0.162990658861417	0.36196626838055
RPL19	342.359529287781	-0.0548207733855066	0.0458746007035821	0.162376331012019	0.36196626838055
MS4A1	117.858222570407	0.0677581882056519	0.0898003912773231	0.164532671499464	0.363033378405269
RSRP1	14.8137607386905	-0.0667209175607817	0.09189162105273	0.166932097908127	0.365792582108248
LDHB	17.5369923478084	-0.0653224187528842	0.0929467017445807	0.169964711211198	0.365792582108248
IGHA1	15.1054444185623	-0.0339364737095143	0.0931650698258276	0.17006146361173	0.365792582108248
OAZ1	51.6322215813042	0.0692116293404872	0.0776207718959718	0.169147044716451	0.365792582108248
CALM1	33.2005731247559	0.0677564415681959	0.0842135804914874	0.176037508888697	0.376280175249591
EDF1	18.1955751347532	0.0667906135698315	0.0814070430669912	0.181527177063807	0.385604314011317
TRBC2	14.7054025089462	0.0586074329201045	0.0944303094999864	0.186450933654152	0.393618637714321
RPS16	165.222695302529	-0.0564692945043765	0.0536241697707233	0.190522462616863	0.399746516656241
ACTG1	96.3663820265509	-0.0402320852150131	0.0939118302721176	0.193459364705465	0.403433553227251
TMA7	31.173816338936	-0.0622627358777271	0.0726906544261772	0.201670002853094	0.418006915004594
RPS26	149.525369322826	0.0319928799751596	0.091917733179851	0.207800464938697	0.428119030174905
MT-ND4	159.057037430051	-0.0509372720992894	0.0930497927859005	0.209359761872367	0.428748733894309
DDX5	49.5368188858189	0.059846235332681	0.0679684980793496	0.211520526470842	0.4305953574585
GNLY	18.4134571532146	0.0143137017573083	0.0885143356985146	0.213339274736759	0.431727999763146
ZFP36	20.8738737549723	0.0455969535776513	0.0932920363882921	0.214749501931426	0.432025468591456
LTB	99.4822115458728	-0.0553029366134081	0.0900360049792941	0.219046116504063	0.438092233008125
HSP90AB1	30.0258873887249	0.0585941182390083	0.0774147413245867	0.223296008079073	0.443995550947923
LGALS1	16.3587996508356	-0.0250530312898155	0.0900151391574972	0.233515941652118	0.461632670780487
NFKBIA	17.8163069458095	-0.034497403270446	0.0913827302639181	0.236466258261382	0.464778507617199
ANP32B	14.3628631705418	0.052014434304432	0.0867222527318577	0.240498773335462	0.467332843640499
MALAT1	1203.92798400467	0.0513105213062219	0.082459474627561	0.23966197419092	0.467332843640499
LIMD2	46.3936137762706	-0.0559030580348577	0.0741837157238429	0.245325384715087	0.474018539957965
SRSF7	14.7701353112194	0.0527089643092688	0.0832833320967881	0.249485843054348	0.479349204070713
ACTB	295.53865360754	-0.0535531368554384	0.0813293294821683	0.255863270763812	0.488856081571083
S100A6	30.1095264606769	0.0456645717225363	0.0900315721184651	0.258240808575069	0.49065753629263
IGKV4-1	31.7489422452135	-0.00859136432600514	0.0878175904055085	0.26015575472803	0.491565017220918
MT-ND6	41.0316022691749	-0.0473023219435704	0.0840934297816988	0.28385392455848	0.533395836258242
NCL	16.9369803262811	0.0468956700483029	0.0827568882640833	0.289446698304369	0.540933173880296
GMFG	15.515812868156	0.045763383350278	0.0840165196809047	0.292497897451129	0.543664570262425
RPL10A	133.089560991178	-0.0465560757587139	0.0580715942021491	0.29695773224953	0.546019056071717
LCP1	16.5771419507317	-0.0422877587220952	0.0862959728923978	0.296723849517666	0.546019056071717
NACA	117.51411588225	-0.0421154806686922	0.0494485481325059	0.303909864465664	0.549932135699772
ATP5F1E	57.1745933462581	-0.0479075715343376	0.0641623394264933	0.303588888945478	0.549932135699772
HMGN1	17.4731540386294	-0.0464931182677003	0.0799141464915345	0.302935859828637	0.549932135699772
SUB1	34.1655275786038	-0.0333172364478851	0.0886461731687867	0.309240406755973	0.556632732160752
S100A4	36.6342669406435	0.0281755913584903	0.0887539593762828	0.314851850592089	0.558406928017297
H3F3A	63.0539499015395	0.0460934055805452	0.0692056136522801	0.323290305598246	0.558406928017297
MEF2C	15.1959320492245	-0.0407271607434486	0.0846306363328814	0.32273045213442	0.558406928017297
TSC22D3	52.4109155924308	0.0384020398815756	0.0869689615483789	0.319017506991146	0.558406928017297
SERF2	55.7506924815723	0.0453296857101898	0.0646214155147075	0.326553759074443	0.558406928017297
ISG20	15.3599404931833	-0.0411945446286284	0.084157723740103	0.323934276241334	0.558406928017297
CNN2	15.9263419306006	-0.0410105513441431	0.0852871775685462	0.317418745195837	0.558406928017297
ATP5F1D	14.9904241942786	-0.0446523998809573	0.0794541597925504	0.325330400493965	0.558406928017297
UBA52	108.191869222674	-0.0429597288743418	0.0537227905885194	0.320985124188275	0.558406928017297
MT-CO1	767.231065222689	-0.0478714955319102	0.0739463151404571	0.318557353722352	0.558406928017297
RAN	16.2889432440947	0.0439153662859439	0.0778232326429648	0.328952329476996	0.559709933736978
COX6A1	17.5277058280797	0.0430947867006135	0.0789646081169473	0.33367914117727	0.564192735132805
PPIB	19.5510411304346	0.0433279195858829	0.078895464342371	0.334886331087601	0.564192735132805
TCEA1	15.6777359035518	-0.0408968832338294	0.0813685118753802	0.338323080133391	0.567188693164802
CD79A	86.6774255204219	0.0433664975101423	0.0665870281318406	0.350530453068597	0.584787389997366
PPP1CA	15.3063413941863	0.0398570944766731	0.0778274842600591	0.361267439125027	0.588349829432187
BTG1	52.9826861593184	0.0385853326716678	0.0834467140173397	0.354539361817947	0.588349829432187
RPL36AL	40.8430326251259	0.0416300916213418	0.0634641691881137	0.359929695502989	0.588349829432187
NOP53	25.0768205952786	0.040392300942698	0.0783406813925174	0.357824716757685	0.588349829432187
RPL28	373.899349113749	-0.033835599302863	0.0422142168318272	0.358278972388605	0.588349829432187
UQCRH	22.5327457650978	-0.0398067568940574	0.0755624704098753	0.377928973687864	0.591357762375457
ZFP36L2	24.2846436734173	0.0280273779219097	0.0866391254833675	0.377104798407698	0.591357762375457
PNRC1	36.1804506807204	0.0395345091514045	0.0775645955860925	0.372909754825957	0.591357762375457
RPL7	68.1476621509992	-0.0407695724678887	0.0620165555062868	0.369471387432235	0.591357762375457
PFDN5	60.1638485616373	-0.0410652771543976	0.0709614970590294	0.37597771429413	0.591357762375457
COMMD6	30.2728126530734	-0.0409234853033439	0.0719945402711685	0.378676461872003	0.591357762375457
AES	23.5004323355095	0.0340337879807825	0.084567715138515	0.370988275469856	0.591357762375457
IGLV2-14	31.9730528784895	-0.0055919760265206	0.0875634994769954	0.371058926679479	0.591357762375457
MT-CO2	835.831982690542	-0.0368907691509454	0.0732866939188154	0.374066376758675	0.591357762375457
EEF1D	61.3725395300237	0.0403206621801411	0.0660669311620262	0.381474334817838	0.593019193216821
GAPDH	71.3594948363662	-0.0327423219632549	0.0843689399367286	0.392052565406874	0.606705779950909
SEPT6	16.1168760162376	-0.0331286432549173	0.0823729901430045	0.398507932546187	0.613917625814397
TXNIP	70.2091130269871	-0.0304515167186423	0.0840374458628783	0.401889445961773	0.616350630129714
SP100	14.9660996197496	-0.035908501486919	0.0775709423284604	0.405918864928223	0.618562788993095
MTRNR2L12	221.911009183152	0.0244050100131853	0.0864254584316931	0.406949203284931	0.618562788993095
BLK	15.2874372604209	-0.0316304053795299	0.0807588102578782	0.425711859908885	0.644218832251499
SKP1	14.298738909494	0.0332892831532954	0.0764563648652279	0.435665114697496	0.656376516416492
EIF3H	17.63035729185	0.0334665443788602	0.0737194300238378	0.441744518764107	0.662616778146161
HSPA8	34.5872008390909	0.0310579927363273	0.0799867360984142	0.447060740852904	0.667662765815254
PTP4A2	15.468649079237	-0.0294771229054592	0.079740588187202	0.458361664752191	0.681563866718475
FTL	117.188907899753	0.0318150267587	0.0599239204495247	0.467747562711925	0.691782107780571
EIF3L	17.5328221052618	0.0312367401256875	0.0745672011369086	0.469279090658165	0.691782107780571
NAP1L1	16.8964214982736	-0.0306281525692328	0.07624909527213	0.472940012240257	0.694186627408446
RPL14	180.786954367741	-0.030974933643246	0.048436108382299	0.477821679690992	0.698354762625296
EEF1A1	824.35028158343	-0.0302054535628188	0.0559318132592499	0.487821316153044	0.70993570265677
EIF3K	26.8891484834891	-0.0311432158342658	0.0652271027091025	0.490615873393471	0.71097724025664
ELOB	14.5757992525452	-0.0290582044509137	0.0763461072804299	0.49622294385967	0.716068551898765
FTH1	102.740827083769	0.030683461992803	0.0667463893077913	0.498582768039691	0.716450868359555
CD37	112.037163541852	-0.0290938225345447	0.0669999731448853	0.507131046559083	0.72568543064103
HLA-DRA	247.868155662801	0.0294315413213222	0.0615645890267839	0.51072667133485	0.727785506652161
H3F3B	75.4827806900055	0.0291785557997925	0.0700052328007271	0.51337933891394	0.728530016218122
SNX3	22.8761186606786	0.0278625651304417	0.0714293729619213	0.521996786528594	0.734662144003206
SRP14	26.8830789119424	0.0288025873931864	0.0643608499304355	0.520745845805855	0.734662144003206
HLA-DRB1	129.21366761306	0.0269417339479661	0.074832550292776	0.526632814041853	0.735136417968628
IFITM1	18.5372433372301	0.0164309440006454	0.0853577012967015	0.524574278091965	0.735136417968628
MT-ATP6	460.255759640592	-0.0145259027907794	0.0713107060243755	0.538556626381766	0.748725065945382
SSR2	15.4573709531707	-0.02561984269747	0.0725942230096418	0.558261356428313	0.749362848787555
NDUFA4	14.9893456501056	0.0249820165208071	0.0728730248198867	0.549074106042814	0.749362848787555
UBXN1	14.5456246558516	0.0247389719725327	0.0744319150320635	0.556825097700166	0.749362848787555
SF1	20.8750728434123	0.02429456813536	0.0752254956092847	0.558112848819819	0.749362848787555
PCBP2	45.826014027783	0.0277497517891356	0.0642085532975369	0.544324418918508	0.749362848787555
ATP5MC2	39.7190236622384	-0.0260086266214251	0.0606011985390112	0.558735457429317	0.749362848787555
ERP29	21.0040621166875	0.0256689955786102	0.0718599318287116	0.550417431961383	0.749362848787555
CSK	14.2735499020481	0.0246517942585755	0.0741043822728364	0.555638678742967	0.749362848787555
DDX17	15.6300416255971	-0.0227752950836069	0.0780420905757962	0.558632402759776	0.749362848787555
ARPC2	33.5925789027938	-0.0247635615634986	0.0723932120630311	0.564515424943364	0.754157325510275
RPSA	150.692982721304	-0.022463441818206	0.0513587351424229	0.588785838548399	0.774523326628612
YWHAZ	35.1977327674575	0.0242699428523539	0.0650656026424686	0.583383422713953	0.774523326628612
COX4I1	51.7249246473102	-0.0235443525911637	0.0548522526064851	0.58881890328491	0.774523326628612
UBL5	14.8453366194083	0.0226687020256485	0.0739146960807903	0.586404292007063	0.774523326628612
HMGN2	19.6379573906406	-0.0205413399489159	0.0780496541354044	0.595311567813186	0.776405280486225
YBX1	37.7727396374647	0.0231961215080412	0.0703398806896106	0.593179956809828	0.776405280486225
EIF3F	27.2887953004507	0.0232406817941697	0.0673451847002181	0.597060201075664	0.776405280486225
RIPOR2	19.5450684557609	0.0217283412887337	0.0728930497707239	0.599748120850057	0.776946429283029
RALGPS2	19.4599447520895	0.018274565476736	0.0780939928812988	0.626362389411237	0.802154768417456
HLA-DMA	23.5591238021388	-0.0215395039597354	0.0690299556505457	0.623660668222241	0.802154768417456
UBC	53.1658298263259	0.021756934930663	0.0661931296210983	0.624510876007664	0.802154768417456
IER2	14.3231709065722	0.0149262872470522	0.0827067766526145	0.628589116771573	0.802154768417456
JAK1	14.7716166756804	0.0199244742172432	0.0720591324051169	0.639353719403416	0.812858632103971
JCHAIN	33.6684968761655	0.00819860677479623	0.0860825794315852	0.645142634304335	0.814436716740522
HINT1	37.6686981780624	-0.020379893128613	0.0606835688920798	0.645357749230063	0.814436716740522
CAPZB	16.8858204231111	0.0185092795661374	0.0747502164978423	0.65069010480275	0.815150241181467
SLC25A5	18.3779798609148	0.0167301465405133	0.0790965105615739	0.649186006381859	0.815150241181467
TMSB10	266.568369533482	-0.018229257087368	0.0704185477372565	0.669812997184356	0.834687572454003
UBE2D2	15.302645340524	-0.018120506860381	0.0708268144554876	0.671166907675003	0.834687572454003
HLA-C	138.72941081174	0.0159548448274839	0.0762793062653509	0.693526327301973	0.845176095678495
SEPT7	16.7643387654521	0.0166065341998054	0.0710066237083126	0.692934127261435	0.845176095678495
GSTK1	17.8563729773693	0.0159631553111316	0.0745544340538291	0.694428312531161	0.845176095678495
EIF3E	20.6936709379762	-0.0168726057327845	0.0727672319518874	0.687279912723651	0.845176095678495
IGHM	23.5902559866589	0.0103222866011303	0.0840426897116376	0.689710285837754	0.845176095678495
SNRPD2	24.1483198526544	0.0177452457450375	0.0644287249066293	0.684354173265109	0.845176095678495
ARGLU1	14.5206038903256	-0.0151099584143306	0.0753972577322448	0.699342038310015	0.848138216673848
CD52	162.776713796893	0.0168875886410742	0.0620421846137727	0.704491611502253	0.851364420967387
MIF	23.3557575059276	-0.0155439697586825	0.0722178923269923	0.714842196018374	0.860831095205226
COX5B	15.9552363659317	0.0152985485349074	0.0717009736260022	0.718205949088304	0.861268285343663
HCLS1	17.0101973636542	-0.0138744125421481	0.0763332430748028	0.720241899439437	0.861268285343663
JUNB	30.6649606849493	0.0109443189627995	0.0819114966595149	0.72292254896572	0.861461713401659
GABARAP	19.9374773970448	-0.012538728221557	0.0674518475344591	0.725900131877368	0.862006406604375
UBB	22.4378057487672	-0.0097041835061227	0.0686302221835636	0.729928986780037	0.86379139612032
IGKV3-20	62.8958249680238	0.00342395156311727	0.086888042596206	0.757587625612682	0.881401812376667
ATP5MG	33.2655338671083	-0.0133221635197635	0.0639013762051937	0.762030073673899	0.881401812376667
PTPN6	19.8329615807703	-0.0128667200662206	0.0734547865945048	0.751483039461227	0.881401812376667
HMGB1	32.3425470160016	-0.014081234165401	0.0660013599436575	0.749399979700114	0.881401812376667
CORO1A	45.0335059033254	0.0129028006048995	0.0716539609537274	0.762850691413724	0.881401812376667
COTL1	30.9240834703237	-0.0128797588628266	0.0702008812452091	0.762768193538091	0.881401812376667
RBM39	18.3800973056579	0.0134579280999204	0.0701194355520151	0.75350021628946	0.881401812376667
BTF3	56.677711761512	-0.0116115560114808	0.0554322393735273	0.768605938706857	0.884374911387004
CHCHD2	23.1260151884095	0.0128947271489151	0.064527970290432	0.770595683021424	0.884374911387004
CD53	22.283980321139	-0.0116424606932822	0.0738487621614975	0.775353222746131	0.886858870164471
TMSB4X	345.393087089329	-0.0122181843133643	0.0668889167589181	0.778357641523773	0.887327711337101
PNISR	25.8426687460687	-0.00984408874143488	0.0664498850113659	0.786803278392051	0.893975817973692
NCF1	18.2952996522124	-0.0105846690907556	0.0735125986165588	0.793256057829839	0.89832308535697
DUSP1	30.541552449922	-0.00562250252225667	0.0846327995078701	0.801886288903987	0.905099375594599
PABPC1	62.6444084775235	0.0107678199327446	0.0644624522127504	0.805445497289776	0.906126184450998
IFITM2	17.7090010241965	-0.0082491077492554	0.078769150443003	0.811155017278342	0.909557429210469
MYL12A	40.2995459050226	-0.0100762837561062	0.0632264917243238	0.818819607284924	0.912170376845094
RAC2	38.0715644343902	0.0101327407626484	0.0642280370709206	0.818023604645191	0.912170376845094
EIF4A2	16.8514196960693	0.00802970541979232	0.071018069753152	0.830823057318517	0.917854536090271
HNRNPA2B1	37.1719655018004	0.0131011843551867	0.0608185919383269	0.832893070867361	0.917854536090271
COX6C	20.163869288929	0.00851221332498275	0.0726068435617098	0.834657195099632	0.917854536090271
MT-ND4L	341.61072350139	-0.00911177333185532	0.0673268619191956	0.831549404039291	0.917854536090271
TPM3	22.2754582748358	0.00786602939356747	0.0685861907985731	0.850310680446571	0.929093459146093
SON	16.4573453710002	-0.0069222862780447	0.0727819480383839	0.850124886405256	0.929093459146093
PFN1	102.160101317279	0.00763148827076044	0.068403092529888	0.85880309737347	0.935384265292123
OST4	21.7276752277944	-0.00898800490136338	0.0674272692250089	0.86167900619286	0.935537206723676
JUN	34.4728873249644	0.00371389618726856	0.0841681793500419	0.871028755689444	0.942015247952827
SELL	21.1888939014648	-0.00522584715207257	0.0783356070114692	0.881417775862295	0.942015247952827
IGKV1-5	39.6921897853712	0.000975840355067176	0.0870871790140297	0.87916567488382	0.942015247952827
IGKV3-15	42.5905080682705	-0.00103626108462516	0.0872259171366313	0.881131043319974	0.942015247952827
SERP1	17.0276345454865	0.00705348859860381	0.0720145945141707	0.874608146803197	0.942015247952827
CLIC1	36.4885721175706	-0.00544835620208293	0.0689901044461505	0.890799354366026	0.949075947642308
HIGD2A	18.1746529454215	0.00510461872368276	0.0729037311610237	0.899612427232655	0.952567628685073
PPIA	89.2168326846675	0.00559505075448461	0.0615556126227471	0.899647204869235	0.952567628685073
EIF1	93.4893844827502	-0.00470021512853425	0.0649727766508235	0.911884456394957	0.959583027960232
EEF2	82.0177196839281	0.00494447538510964	0.0645508561155625	0.90961660880993	0.959583027960232
HNRNPC	16.422352048933	0.00410868614301715	0.0705550366733426	0.923738353830464	0.965096741672867
SRSF5	25.2509650548709	0.00424724382206374	0.0649440664158693	0.922964659194228	0.965096741672867
CIRBP	24.9599886512429	-0.00410186523786886	0.0669005303172985	0.925589857510819	0.965096741672867
CFL1	58.9104797300698	-0.00321833913065524	0.0615858245398858	0.942358590207652	0.973675643054432
FOS	18.7567506879642	-0.00120630532571487	0.085935892688916	0.93772949181898	0.973675643054432
LINC00926	21.2564190501874	0.00270238141597958	0.0773432830853896	0.941333707868027	0.973675643054432
RPL12	229.166900328314	-0.00276827459224512	0.0463386351632734	0.949113149098048	0.976975372747244
FAU	201.139728018575	-0.00265646222129345	0.0545475765527637	0.951265494517054	0.976975372747244
PSME1	23.9284939244425	0.00243910188249073	0.0659749468297513	0.955535521452052	0.978422599810185
IGKV3-11	40.308591404655	0.000346515908736651	0.087211519433807	0.960665796507939	0.979825463462377
BANK1	28.3020156724916	-0.00185752662369447	0.0701287992815149	0.965500529786026	0.979825463462377
EIF4B	16.6263314007871	-0.00176630231127261	0.0703972117076023	0.962667160986958	0.979825463462377
VIM	49.1730242732257	-0.00113010650763923	0.0725714577076128	0.977424021157733	0.985135481164668
PRR13	19.6706068935789	0.00117747806953995	0.0671582983559164	0.979374454959027	0.985135481164668
SLC25A3	15.5701926433227	-0.00115044418968743	0.072878795661613	0.977058529849415	0.985135481164668
CXCR4	15.8609248954311	-0.000302829505461634	0.0829762967568091	0.990399736842573	0.99330413489783
MT-ND5	152.067551246604	0.000335633096989643	0.0639218361661247	0.997294030625866	0.997294030625866
