""	baseMean	log2FoldChange	lfcSE	pvalue	padj
RPS27	337.352764628332	-0.423274450888082	0.091882660187263	1.83423011005047e-07	7.68542416111146e-05
RPL37A	100.500861862915	-0.450810721182482	0.0948971124975185	9.74034687982258e-08	7.68542416111146e-05
RPS29	75.1772900035141	-0.915952450824998	0.229050414854458	1.66954370989168e-06	0.000466359209629741
IFITM3	38.7332037422115	0.798062216575138	0.195885226241906	2.57554518192235e-06	0.000539576715612733
RPL39	199.165907623503	-0.321651498803444	0.0858299021604136	9.75676865347477e-06	0.00131437328306504
CD3E	19.5483880724216	-1.07249824537333	0.296954094766369	1.09792517678464e-05	0.00131437328306504
MT-ND3	241.642582067919	-0.583765048405444	0.161551045493212	9.35259017735789e-06	0.00131437328306504
RPL37	192.248687582108	-0.327565002419036	0.0902927034257884	1.5674935394702e-05	0.00164194948259503
SMDT1	7.64806271201976	0.634750080871044	0.18722354042911	2.27960155286836e-05	0.00212256233478187
FYB1	15.1468141709751	0.49863822233147	0.158461764892477	6.03480548686478e-05	0.00505716699799268
TBX21	5.99827453429638	0.620300497371041	0.22266163576187	0.000240050701293566	0.0182874988803644
COX7C	26.9857904347959	-0.330861745741102	0.121632398480615	0.000415189991188969	0.0267637855858735
SRSF2	10.5556353912247	0.494805890885528	0.191905056545197	0.000391886967770185	0.0267637855858735
FAM107B	6.02831127600302	-0.897879787263553	0.363414999679075	0.000460105381266647	0.0275405935358178
RPL34	220.166020442468	-0.202394055670555	0.0724949792809969	0.000541365374090619	0.0302442788991959
RPL23A	128.146396349074	-0.193152089128175	0.0684606826479301	0.000593069455496139	0.0307954047968945
RPL13A	83.1332742781758	-0.247134705629329	0.0921561900921658	0.000624727782275903	0.0307954047968945
RPL38	36.2935893793501	-0.417712034148182	0.179989979543463	0.00068067004678233	0.0316889721779774
RPL7	42.1077247122358	-0.250698850681666	0.0986130878227773	0.000808855196714672	0.0328943734770498
MT-ND1	121.254555069312	-0.335251264414043	0.137974877087315	0.000783294904095287	0.0328943734770498
MT-CO3	361.679687399992	-0.334141333763064	0.139781673036456	0.000824322008374755	0.0328943734770498
UCP2	21.687510084238	0.410567407530666	0.167811754014623	0.000921486378038987	0.0347218745933586
MT-ND4	90.6714856144061	-0.434919928016255	0.202052883685827	0.00095298701151223	0.0347218745933586
FUS	11.2783197555579	0.411405874088269	0.190466502396535	0.00121158087884835	0.0423043656864548
RPL41	426.917506504572	-0.136652713927078	0.0496858733639658	0.00128731835119413	0.0431509111320274
IFITM1	137.167858800808	0.223517129087485	0.0901494140993626	0.00139416343935444	0.0449349600838085
KLRC3	6.17387880652808	0.663016470134912	0.31705956569438	0.00158694918994815	0.0492542007843167
RPS20	22.2986293276662	-0.348794553083731	0.168076921927667	0.00165294326862665	0.0494702306824691
TAPBP	10.3609737316123	0.353772608817757	0.185480808544987	0.00209835447700448	0.0606352086803365
HIST1H1E	7.88185545478675	0.583316802005147	0.295209178563312	0.00218504521981713	0.0610355964735585
MT-ND2	64.7062341015104	-0.322485164033465	0.169859908301694	0.0022988734485661	0.062143740319303
SEC61G	9.12809659135439	-0.419836341576593	0.229383598493453	0.00282873970744784	0.0740776210887902
RPS6	146.959415685599	-0.15830582374364	0.066795995626409	0.00299288616959875	0.0760011700037501
TECR	6.8928383588174	-0.502172491744921	0.309758083417516	0.00355971157798492	0.087736420657393
RPL27A	34.1406866061908	-0.284482159304639	0.161789514622175	0.00388221799689069	0.0929513908969827
RPS21	108.715676071736	-0.239498447227032	0.138622851155826	0.00462348822164686	0.107624531381668
RPL23	22.5804003784603	-0.279229855384749	0.162207743218795	0.00501466596895489	0.113575407621194
ITGA4	10.5819521012451	0.317590921127067	0.235013902474456	0.00543744510445031	0.117210832333784
CNN2	9.35011683545142	-0.350029231332631	0.257475601886911	0.00545491940455558	0.117210832333784
IGFBP4	5.85151922940651	0.400561581643905	0.334509477967914	0.00592426940880336	0.120163405417998
UBA52	68.0300499315517	-0.172611475500894	0.0878267357358237	0.00576190605511108	0.120163405417998
MT-ATP6	310.564350150866	-0.216427427260014	0.125422554379032	0.00602250957942235	0.120163405417998
RPL27	64.2916747280856	-0.178635061260026	0.0916236790585745	0.00619849509077312	0.120798578745764
MT-CO2	522.300141933287	-0.21221235414799	0.131351337122748	0.00680014069649631	0.129511770537816
PSMB6	5.66536009060278	0.302232160987333	0.277492244267126	0.00699324156217257	0.130229698424458
CD74	65.4295959152554	0.252716131867353	0.174129560111841	0.00743879367287231	0.13113052386142
TMEM258	8.78277336747422	-0.337428770660585	0.303279749222125	0.00732384892970599	0.13113052386142
FXYD5	40.0926095242362	0.212414258903375	0.134758335715392	0.00751105625936533	0.13113052386142
RPS18	208.282761191771	-0.157699656009968	0.0844485281862344	0.00796677394498052	0.136248093181504
H1FX	7.71672789937584	-0.0570407422949956	0.112197792826782	0.00876392237337707	0.1468833389778
GNLY	597.874102915376	0.152583565900746	0.0797118361739287	0.00921220872001216	0.151154140115321
TCF7	9.02047661216809	0.281629986931471	0.351162479146233	0.00937949318138028	0.151154140115321
BTF3	44.0966512209235	0.156597420423114	0.0912954914430927	0.0106062914454042	0.167362849653978
B2M	561.97595742487	0.102116409927215	0.0471178594726029	0.0107847182354592	0.167362849653978
TPI1	16.9158485489101	0.20009606985936	0.146484250719641	0.0111668398895395	0.170142033226074
EIF3D	6.41372086893934	0.201955381386235	0.345872805875371	0.0120746846918019	0.180689031638035
HSH2D	8.8941906054141	0.227287086676895	0.299568178375083	0.0134056051549916	0.197085914383911
CYTIP	6.59780232900726	-0.19927537584574	0.430426677038184	0.0148225442737182	0.214160208644411
RPS27A	245.346276716933	-0.108941271682585	0.0557590441584813	0.0154724195871621	0.216180615371641
RNPEPL1	5.84261517410932	0.109057087942571	0.198026106540839	0.0154783256829337	0.216180615371641
HLA-DRA	5.91189548381792	0.0570880933385608	0.111416767627382	0.0163072157384224	0.224023717849147
PRELID1	9.94710059210038	0.183866878469718	0.222525659624388	0.01681253720517	0.227240422224717
RPL9	103.089574588568	-0.123122700938719	0.0694308778229796	0.0179193470513805	0.227521406500861
NDUFV1	7.43103683756388	0.156870686726475	0.274531441653873	0.0173791636712898	0.227521406500861
TMEM123	9.05900964774113	0.138336396993529	0.232358728852436	0.0178686906394376	0.227521406500861
RPS28	190.181269307899	-0.127373819138229	0.0733942034203817	0.0174553309570165	0.227521406500861
RPL36	97.7645447851783	-0.129417047702954	0.0791376028544825	0.0185297269617666	0.231759868566573
SH3BGRL3	55.8704686541345	0.140116518306293	0.0910030004161433	0.0202111516966359	0.240993791386716
C1orf162	10.5893939572519	-0.132598563766421	0.235432215252364	0.020106188980388	0.240993791386716
RPS26	109.668591660884	0.0780996712830402	0.136911675144663	0.02041832838718	0.240993791386716
TRABD	8.03778008243352	0.155076858651031	0.243705315652289	0.019884727465151	0.240993791386716
CLIC1	30.3813938547074	0.155750347480737	0.129845350041002	0.0211684215613306	0.243496442861234
TPT1	273.698254497181	-0.117717167224455	0.0694817016763838	0.0212115039723986	0.243496442861234
TUBB	7.00269717781175	0.10774776196396	0.180872381518796	0.0218616435907026	0.244267431053451
EEF1D	44.726609763235	0.135397737326647	0.0904738253873296	0.0216670353053628	0.244267431053451
NDUFB4	6.15644804766409	0.105125354777118	0.174850528812378	0.0230848871265943	0.254541255422184
ATP5MC3	11.71099560353	0.151567873386796	0.16942922570791	0.0241081218527559	0.262371507955967
NDUFS8	6.51684466290301	0.113800108964909	0.184784138568362	0.0247267369385499	0.265653917365446
PCBP1	24.2309954222569	0.151814941061539	0.142834973842549	0.0250515708120427	0.265736915702427
SNRPD2	19.2917351318632	0.147754949584757	0.152758335925423	0.025675078666559	0.26845001747472
RPL3	158.162710817359	-0.107899791762083	0.0624584184011151	0.0259480327153369	0.26845001747472
RPS24	197.699339404558	-0.105754075979151	0.0618346328671332	0.0266058200599302	0.270766950592187
PFDN5	38.5594628183573	-0.142045079006034	0.111437250353768	0.0270074334248494	0.270766950592187
MT-ATP8	73.5543381467912	-0.0494172153138191	0.103601613830794	0.0271413172431309	0.270766950592187
LSP1	20.4200699766414	0.145818219860962	0.130222337426058	0.0275425869627913	0.271537504409637
LY6E	22.214712178113	0.150619146750889	0.158274076679701	0.0298079869628388	0.280663967133246
RPL21	90.6695180365598	-0.0697822814275895	0.12220212667719	0.0297132919745469	0.280663967133246
SLC9A3R1	10.1597511615781	0.125050314954607	0.187882104821773	0.0296593532920132	0.280663967133246
MT-ND5	119.790893612886	-0.128014153755432	0.0930459769798192	0.0291529237326513	0.280663967133246
COX4I1	35.1335138251113	0.128512410144096	0.102230176358141	0.0320601158185392	0.29851530062151
ENSA	5.68905803350713	0.0837092037528229	0.134265829101388	0.035619486792328	0.328012416834844
PAXX	15.4705359020711	0.130548226745395	0.138310012240553	0.036165736851448	0.328338521500742
GABARAP	10.5142890380065	0.122659928611901	0.161311002921196	0.0364385232691754	0.328338521500742
HLA-DPA1	7.6909827457011	0.0859555596877696	0.139470326767594	0.0376924329422956	0.334630996054565
RPL36A	25.0168898615765	-0.0654538743948707	0.116182349121229	0.0379354947794554	0.334630996054565
RPL31	44.6281122563506	-0.114518555554289	0.0874035942413265	0.0406516474248661	0.354855005646227
NDUFB9	7.85530139481615	0.0931660859418543	0.141328553305122	0.0410914980536368	0.35499665328812
CTSW	90.1036090151752	0.123715285373757	0.113666739323764	0.0419541743210145	0.358751000826635
COX7A2	12.2289468190829	-0.116943388572657	0.15104941486516	0.0426971568055137	0.361416337404247
SYTL3	5.66987073496117	0.078467092087322	0.127816679135316	0.0442874928369371	0.365590698415531
SRSF5	23.7043643909647	-0.117973212738766	0.119255113148372	0.0444181072726825	0.365590698415531
COX5A	9.79621220372392	0.105588203539393	0.143031562639513	0.0444991064897186	0.365590698415531
IQGAP2	6.04581666452955	0.069542154434981	0.116577333888612	0.0472298546354467	0.366308482922788
RAC1	7.18517185858949	0.0881159374801582	0.134700815400607	0.0482191050572578	0.366308482922788
STK17A	14.6222165994788	0.111173404067068	0.145145795635884	0.0480579988127334	0.366308482922788
TBC1D10C	9.73797277215583	0.0883837328324161	0.136289238635899	0.0464920618089283	0.366308482922788
DDX6	6.47346352118449	0.0748084884385134	0.12461721448405	0.0471622269836112	0.366308482922788
GDI2	5.67902855684918	0.0679341795451646	0.116574845842827	0.0479167794723341	0.366308482922788
SEPT9	6.9239658216526	0.0785721456664882	0.126107225300795	0.0485205747069564	0.366308482922788
ZFP36	31.5759225131489	-0.0573301295527119	0.108386909284697	0.0458885640884529	0.366308482922788
XBP1	11.5052561420756	-0.0953916002707115	0.138613656459725	0.048370645434478	0.366308482922788
CANX	5.68690833900531	-0.0682209947176108	0.117768279447189	0.04966065237447	0.371568095444695
ID2	23.7805943401791	0.104393399001126	0.133960104466184	0.0504640769310286	0.373375508554785
CALM2	14.7375610433593	0.103334102301792	0.137506610677862	0.0507933269394338	0.373375508554785
LAPTM5	13.7684680849445	-0.0959702670289391	0.135501413052782	0.0528618973425071	0.380745968607369
TAGLN2	34.9084387137346	0.102667176020652	0.131162358804308	0.0536563010325877	0.380745968607369
SQSTM1	6.25023826170999	0.0802765398251685	0.125918218835639	0.0528941515255412	0.380745968607369
HLA-B	231.574552884277	0.112083081781444	0.104891614170429	0.0539738813310116	0.380745968607369
IFITM2	99.2837451076526	0.105017475197803	0.0834723456385674	0.0541266680856647	0.380745968607369
NCAM1	7.94271496808638	0.0734689677578961	0.121654591902957	0.0545798371635143	0.380745968607369
CDKN2D	7.89966102385764	0.0863444852523753	0.127526529669968	0.0549764465411595	0.380745968607369
S100A10	22.4850471839015	0.101229929955221	0.123771557206831	0.0561925624870243	0.385978421017429
MTRNR2L12	127.658660065013	0.0777098262991896	0.123675288919094	0.0597966221599767	0.407394872927321
RACK1	82.26644700736	0.0889742724311928	0.0638111955372221	0.0607070415831456	0.410262103602226
HNRNPDL	20.0770219449364	-0.103614373808319	0.11971353927196	0.0613963137956099	0.411600887685769
RABGAP1L	6.80993923087614	0.0644417228346268	0.111919601561571	0.0631540180877595	0.420024342520178
ANKRD11	5.64078429132628	0.0664614372620849	0.113598017213324	0.0648412185907018	0.427849930543371
FIS1	6.63971977022818	0.0715223375941268	0.115577397540218	0.0671334508920805	0.431118051338076
SAT1	6.4653148679776	-0.0461811462515863	0.0986480179082492	0.067394349314186	0.431118051338076
POLR2L	14.8269045621323	-0.0899056791006639	0.121983494504665	0.0667515526846549	0.431118051338076
ARGLU1	10.5029414008669	0.0791503305433517	0.114116946814008	0.0668454528148668	0.431118051338076
ACTN4	7.85823719643787	0.0746971398630109	0.116546278186578	0.0687300318532744	0.436331565856393
OSTC	5.58880213458539	-0.059929111635689	0.108172187191746	0.0700000656305973	0.437761604465974
IL7R	16.3071582568053	0.0510674628706354	0.101664340447132	0.0696553654342259	0.437761604465974
HSPA5	9.61309285800688	-0.0633568264002446	0.109498083978793	0.0734786253520959	0.450821351425521
ADD3	8.54253682871771	0.0712254960871631	0.11505308048784	0.0740900169714311	0.450821351425521
SEC11A	11.7919147376721	0.0841672569918427	0.117151286649194	0.0742402702824844	0.450821351425521
NCOR1	6.2128474690549	0.0652421886508637	0.110701564984023	0.0736984903983744	0.450821351425521
PTPN6	5.88772558767885	0.0493754931345095	0.0977341411832564	0.0753726305851449	0.454404780074471
TMEM50A	5.57628044740559	0.062307136902866	0.10820844675221	0.0772215394461175	0.462226071827475
TOMM7	27.6825984417002	-0.0966346754403039	0.102530918086275	0.077895516400075	0.462498482175369
CD7	71.5546104677716	0.0985881322748273	0.0979232265771845	0.0783708645213632	0.462498482175369
SRGN	68.057934607997	-0.0920493419121554	0.0924359191548719	0.0828288033375426	0.470707171019118
CD69	13.1883634170767	-0.0447592118449796	0.0970006055731	0.0810264909991757	0.470707171019118
USP15	6.58903308629682	0.0628734111947575	0.107880857604561	0.0833396330997395	0.470707171019118
TUFM	6.16322236418277	0.0652541963306746	0.110023669700626	0.0822970368375939	0.470707171019118
ITGAX	8.17729074357261	0.0615176095105359	0.108243008844757	0.082950806684061	0.470707171019118
PSMB10	13.5487366001364	0.0723370356677398	0.111405343319898	0.0836937571382442	0.470707171019118
HMGN1	11.3028341856226	-0.080702804071561	0.117119224097169	0.0805562339219646	0.470707171019118
LDHA	9.5709884377136	0.0724074203060442	0.108989274882939	0.0844196565661024	0.471624481349292
EWSR1	6.53128737089126	0.0685913190851178	0.112407682118332	0.0849891698815889	0.471661750733586
MZT2B	9.69612774362061	-0.0653486533039906	0.108526789586264	0.0890997147735286	0.478625390898827
TMA7	25.6878956236165	-0.0899631550048021	0.102929214498744	0.0888255148198456	0.478625390898827
AKAP9	5.94020820639062	0.05133076671722	0.100583122836015	0.0882486765141745	0.478625390898827
PPP1R12A	6.77387338581543	0.0617377334892623	0.106057224393609	0.089042229418744	0.478625390898827
NME3	7.60934436500179	0.0631972497241505	0.107251698486796	0.0887899907241901	0.478625390898827
OGT	8.79898658716298	0.0648633011163163	0.108089960858596	0.0918762587039908	0.490396845821301
EIF5A	11.7795331795521	-0.0550870587545713	0.10162310186168	0.0924838635458402	0.490515681338064
EFHD2	14.3446272579939	-0.0628533517069769	0.106058906950993	0.0966429065146715	0.491836642895204
DENND2D	6.32220607025003	0.0482187369598245	0.0981993106979884	0.0970065899015663	0.491836642895204
NUCKS1	5.74854205470557	0.0536572769282213	0.100811562562038	0.102292598217552	0.491836642895204
ATP5ME	7.87639168226307	-0.0517799558009293	0.100300988579717	0.100914611062986	0.491836642895204
IRF1	19.3602525113587	0.0628594379563955	0.106447952455964	0.0980207967738283	0.491836642895204
EEF1A1	552.807604674161	0.0668724897052264	0.0477920593561635	0.10388435058765	0.491836642895204
RWDD1	6.37359666521358	0.0538502605784122	0.101185073348703	0.100181613793621	0.491836642895204
RAD21	5.68236942469567	-0.0463058879537336	0.0973879437657872	0.100071238400376	0.491836642895204
AKNA	5.86843389312073	0.0565325845141549	0.102755733576374	0.10113534968719	0.491836642895204
ITGB1	9.43674824766443	-0.0561409047849963	0.102416128454922	0.09798365104996	0.491836642895204
DDIT4	13.4872707487397	0.0715784353237619	0.109405240523634	0.0994942411234458	0.491836642895204
KLRB1	33.5450612603116	0.0574781125320618	0.102825476036029	0.098801581899681	0.491836642895204
NAP1L1	6.77378553217617	-0.0513010948465412	0.0998406538069634	0.103626192064997	0.491836642895204
PRKCH	6.53740294147343	0.0632760069587666	0.106706320945268	0.0940501429215275	0.491836642895204
UBE2I	7.39616305016869	0.0631961269099446	0.10465503746956	0.103186563380458	0.491836642895204
AC007952.4	6.58050882858254	-0.0186077738583606	0.0863139625575646	0.09692594408119	0.491836642895204
ROCK1	5.94624286383744	0.0558133545264348	0.10267346786364	0.0935519625018639	0.491836642895204
GMFG	18.7740743010725	0.080991792135	0.103277520576519	0.101605609131363	0.491836642895204
MT-CYB	224.036197870682	-0.0798080881682444	0.0990713000799475	0.0950070469792227	0.491836642895204
MT-CO1	525.866977507377	-0.0839643034173982	0.0969716526018405	0.106294036524912	0.50041799217908
EMP3	19.4495363902286	-0.0725529260346159	0.104669727824799	0.108016588284974	0.505686597669321
TRA2B	6.13728416992509	-0.0532477862315438	0.100114031183457	0.111810039739548	0.509221811422507
PNISR	15.5499719991575	-0.072011581422033	0.105294262012041	0.109401628744539	0.509221811422507
HNRNPK	16.5700012473525	-0.0768099987261491	0.102727247073348	0.110391826417937	0.509221811422507
GATA3	6.71417023018488	0.0504381036560752	0.0986932321058969	0.11070385998154	0.509221811422507
TRDC	24.3139061330472	0.0666437925661474	0.105163866859579	0.111284904980689	0.509221811422507
MCUB	6.69921533637498	0.0593300332415929	0.102091511412862	0.113501124910773	0.509303003011047
HLA-A	155.436760936561	0.0792941745667909	0.0776461461220283	0.115356451768995	0.509303003011047
RPL7A	144.772938088065	0.0624378462172495	0.0467608365752104	0.114465094603952	0.509303003011047
RTRAF	5.90849079577142	0.0511727174009108	0.0983385790598928	0.114502455463562	0.509303003011047
RAD23A	5.71633259151352	0.0542000665712538	0.0997466386262406	0.114272165375571	0.509303003011047
RPL18A	150.308171167522	0.0667018780695881	0.0532518958410108	0.115474427890333	0.509303003011047
UQCRQ	7.51324807778449	-0.0610129444295098	0.102589101660736	0.120986246417389	0.518586896374505
PSMB8	10.4123676406055	0.0601053087496442	0.101304629394469	0.120387672666552	0.518586896374505
ATP5F1C	7.40296690001998	0.0607886390906714	0.101522267931891	0.121592311597131	0.518586896374505
ARHGAP9	11.6722808348691	0.0637487156798023	0.100507654037714	0.121911239362503	0.518586896374505
PFN1	123.000949541148	0.0765279418389771	0.0718979097644129	0.118887601376803	0.518586896374505
ARHGEF1	10.3515445356977	0.0639458093563694	0.102159345901099	0.12170080156515	0.518586896374505
DDX17	13.0167448776589	0.0613050962099668	0.101054622278889	0.120577595045308	0.518586896374505
ARL6IP5	10.11571934031	0.0592403488144174	0.0997018229434623	0.123349224773633	0.522053789698507
CD37	22.3843265860861	-0.0711542427033201	0.097861596182648	0.12431984548478	0.523517741287666
LCK	8.62708082383833	0.0563667312856937	0.0994353918732879	0.125928558909199	0.525015583909995
PSMB9	16.3248915627481	0.06331181381671	0.0999512368227266	0.125521677112153	0.525015583909995
UBXN4	6.07150478857388	0.0513198466401698	0.097381377583944	0.127049814540045	0.526856649434833
RPS23	214.032343765306	-0.0571624394527576	0.0437980026228648	0.1287691803725	0.526856649434833
CDK2AP2	5.84680329894398	-0.0521695809704126	0.0989739656109317	0.128231222744204	0.526856649434833
HSPA8	24.1053288485746	0.0675161949331491	0.0980982465750171	0.128884979873676	0.526856649434833
RUNX3	8.03612887059127	-0.0524344871765137	0.098291049236983	0.133509718144523	0.534737358317374
AREG	12.7303705239364	-0.0365655382510842	0.0917705141925227	0.132434531870662	0.534737358317374
RPS12	285.314334913537	-0.056750986959918	0.0447363047007212	0.134192575431449	0.534737358317374
RPL35	78.50781647982	-0.0723262836016767	0.0714055228809429	0.133575641352684	0.534737358317374
ANAPC16	9.85775181007578	-0.0629182628145438	0.100572467805133	0.134641506688503	0.534737358317374
PHB2	8.0618950318147	0.0534000456429613	0.0965213132861315	0.133571313795979	0.534737358317374
RPS3A	198.244875660923	-0.0673699000807369	0.0601120853516966	0.138338328917637	0.53621219319024
NDUFA4	11.2390176886109	-0.0627401089561904	0.0989818704784227	0.13652867686557	0.53621219319024
DRAP1	11.9607550600498	0.0602069334927275	0.0953743765362175	0.137037653501831	0.53621219319024
IL32	32.2117100098101	0.0393723701207723	0.0927779645474411	0.138276146524942	0.53621219319024
UQCR10	9.16305222184858	-0.0562896202310749	0.0987632550299886	0.138852083439478	0.53621219319024
ATP5PF	7.68390461259946	-0.0557610445689802	0.0983440469042465	0.138089101494226	0.53621219319024
HMGN2	11.8215463543646	-0.0603370310391184	0.0970995651698307	0.146214500858597	0.544688103430647
TMEM59	7.12850591358475	0.0503029945647484	0.0947383965870995	0.146247763815892	0.544688103430647
CDC42SE1	7.90910085906532	0.0515781394619252	0.0964016654727386	0.143628155943863	0.544688103430647
S100A11	8.66080564522165	0.0422085423949371	0.0929485747327927	0.144359659370175	0.544688103430647
ACTR2	6.28824724606771	-0.0439354696837296	0.0938721650985143	0.146896791617334	0.544688103430647
SRSF3	8.62674812694494	-0.0528708708870669	0.0962668088548709	0.146214460319264	0.544688103430647
LAMTOR4	8.43968124924637	0.0564919800078986	0.09734024468992	0.144307309353366	0.544688103430647
HNRNPA1	41.9939092641064	-0.0715849334017025	0.0848360074519292	0.142689846625285	0.544688103430647
CORO1A	36.2935408441264	0.0708129918304673	0.0837990969834869	0.146154753426746	0.544688103430647
COX7B	8.15319089015569	-0.0532742397716292	0.0963447681635566	0.148886832597306	0.544834784788393
PDCD4	9.36209312941507	-0.0509971186371471	0.096018042692997	0.148572145542552	0.544834784788393
EIF1	74.6189918891141	-0.0701387016265943	0.0846151784850165	0.147768167005026	0.544834784788393
REX1BD	7.12264417599728	0.0480985550035151	0.0941511966113473	0.15229617252543	0.554887793810044
RPS9	87.7343059806015	0.0676956249494219	0.0698602632145289	0.153389793260848	0.556453016244983
CAST	7.72178438914424	-0.0487637344952912	0.0947960041082826	0.156622443839698	0.563262597664336
CLEC2B	8.41610444068391	-0.0450646518300298	0.093751411255536	0.157283350660447	0.563262597664336
PGLS	5.62521600201103	0.0456309524080449	0.0938607377031459	0.15612391079004	0.563262597664336
CMC1	47.4146733832203	-0.0561931135146238	0.092836086037914	0.162519063449141	0.56936749722749
PARP8	7.99240529201784	-0.0439182424631048	0.0927329923323611	0.16306467701026	0.56936749722749
NDUFA12	5.80428344429266	-0.0453772895885264	0.0938265748527124	0.161712856324951	0.56936749722749
RSL24D1	6.18884695420467	-0.0447043165461491	0.0935120828014373	0.161491620414838	0.56936749722749
AKAP13	6.59007147811011	0.0451465375851603	0.0933145406606157	0.161096985726355	0.56936749722749
CYBA	37.7793663628473	-0.0646568122724762	0.0907195772656885	0.160058895805676	0.56936749722749
HSPE1	6.00545943261452	-0.0453083494009341	0.0936847291704575	0.163874463009734	0.569820746896916
ATP5IF1	9.51915424167942	0.0520144179461907	0.0929032390849572	0.172035372708015	0.572274191092466
TPR	6.15421128224405	0.0450073947632298	0.0925683836319033	0.175942102371939	0.572274191092466
WIPF1	11.1926217215205	0.0498558302771939	0.0929896755334752	0.174170697960372	0.572274191092466
EIF4A2	12.9492403692995	-0.0470349508760144	0.090978589449114	0.174256654784941	0.572274191092466
ARAP2	7.07548572091872	0.04546447817038	0.0932465516696442	0.165826813651419	0.572274191092466
HLA-DRB1	7.36261680123154	0.0358611490170889	0.0910988705697159	0.168364479484995	0.572274191092466
CHST12	6.8653384857469	0.0468185171589438	0.092981733539549	0.173326617482035	0.572274191092466
EIF2S3	6.70710906484196	-0.0479142709103348	0.0940071167511158	0.169403564240978	0.572274191092466
SEPT6	11.7391917782311	0.0565108728676276	0.0924229139527581	0.171332491868217	0.572274191092466
ATP6V1G1	13.0627841740915	0.0553121047258275	0.0920451853622672	0.174983071094876	0.572274191092466
PRDX5	8.57025205761908	0.0500316689664622	0.0939793991179918	0.170978393299116	0.572274191092466
PTGES3	7.6102716006729	-0.0476449696049879	0.0927138233824166	0.171651038494335	0.572274191092466
RIN3	6.02845285321458	-0.0449748637664735	0.0933207611891735	0.169651054927586	0.572274191092466
MATK	18.2798362061356	0.0632852598436457	0.092885227413592	0.169166184664563	0.572274191092466
RPL18	135.561729853115	0.056394661045634	0.052017359166763	0.176189428761165	0.572274191092466
NDUFA3	7.32571651712009	-0.0418120513183073	0.0921989658305364	0.169484988557806	0.572274191092466
MT-ND4L	230.517422263035	-0.0614343233617238	0.086461354036768	0.175769262510861	0.572274191092466
GRK6	6.32014394824213	0.0455968844974748	0.0925724442010983	0.177843813385862	0.575417434816033
IL18RAP	6.81146228297676	-0.0373469166441272	0.0904475364157831	0.180793628862658	0.579960688087792
TCEA1	6.84636183239971	0.0462566495643964	0.0925939862461088	0.181324224676613	0.579960688087792
RBM25	7.60866146033874	0.0467183038220916	0.0925957659539729	0.180365314577554	0.579960688087792
PLAC8	20.7975501716029	-0.0600223376314987	0.0904292976909723	0.183068704065832	0.581104446996847
SNU13	6.03719403309334	0.0408414267405792	0.0915544094866615	0.182409898017722	0.581104446996847
RASSF1	6.78682899847662	0.046950834020025	0.092033638304074	0.183892502796873	0.581516669221811
GIMAP4	6.20990060133274	0.0347998074660429	0.0899989719534079	0.186179544266729	0.585370956449221
DYNLL1	7.49834030523054	0.0394243756130742	0.0908018814800971	0.186508407365086	0.585370956449221
GZMA	44.3385323445553	-0.050318630744152	0.0912624239557145	0.187215067421822	0.585396367535398
PPP1R18	6.61657141137508	0.0406863332532615	0.0910387704308731	0.188116469153921	0.586028257066863
BRD2	5.86829310394865	0.0425948359536421	0.0912647940690751	0.18992190532619	0.58827297039179
SELENOH	9.61662183766668	0.0479429357464644	0.0913767497883802	0.191645013027397	0.58827297039179
IL16	5.95336278003944	0.0405200465117963	0.0920527660182456	0.190311432503493	0.58827297039179
RPL19	200.433902473049	0.052044715070352	0.0470815758207882	0.191163262788804	0.58827297039179
HIGD2A	8.33416471643712	0.0476244577656689	0.0915340275300011	0.193646508308821	0.590093723501063
FLI1	5.65022417497024	0.0384570974668104	0.0900971778584931	0.193179852766216	0.590093723501063
ATP6V0E1	8.18424242447186	0.0435491560456627	0.0913218406494535	0.196973545600016	0.595898307627487
UTRN	7.61377115667023	-0.037896606037244	0.0905383448851194	0.196358936255669	0.595898307627487
XCL2	31.4936125487525	0.0490411892589447	0.0909211271299681	0.19858034610842	0.597157412865161
CD164	8.42415985022903	-0.0418496466944692	0.0909450923398199	0.198814938173484	0.597157412865161
DAZAP2	19.2345531476658	0.0577042695740719	0.0840213937395041	0.201049040999817	0.60171105842088
TRAM1	5.63439941546786	-0.0352476531019647	0.0892032359634889	0.203858496804833	0.605792270646986
AHNAK	15.4249694571316	0.048801863036779	0.0908821151406043	0.203140780002801	0.605792270646986
MDH2	7.05346569632269	0.0436760455847726	0.0901373567997386	0.206021706751395	0.608553192229214
IL10RA	11.1773366215281	0.044907078158889	0.0909414632593462	0.206239984001309	0.608553192229214
N4BP2L2	10.9478558067043	0.0394972951141858	0.0895793499122565	0.207416461832177	0.609877175492505
MCL1	7.8170471814857	-0.0391504241205591	0.0896881864299302	0.211573520914532	0.615198130942059
CAPG	8.05217337844794	0.0383284542700365	0.089803512636181	0.211280214418726	0.615198130942059
MYL6	37.946060094229	0.0588632204091074	0.075041050316183	0.212016581069676	0.615198130942059
NACA	78.1464793844121	-0.0566237357047246	0.0634581860368933	0.212866814362136	0.615198130942059
YPEL3	9.58302068020294	-0.0386943479656619	0.0893518283713062	0.212896727891643	0.615198130942059
FMNL1	6.95591215860285	0.0429798271774068	0.0894672235141857	0.215560389970486	0.620754662526691
ISG20	8.75245651169855	0.0383377455083234	0.0886668600947303	0.218103034438722	0.624515180387946
ACTG1	53.5500653002859	-0.0529463913609201	0.0858392357945351	0.218356739682182	0.624515180387946
RBM3	15.491603210629	-0.0524262247201955	0.0875879307507674	0.222167331407957	0.631105843118198
RPL12	120.797307598641	-0.054250463940905	0.0604290291316044	0.221700279422896	0.631105843118198
COTL1	22.1444696893944	0.0497207645006393	0.0891846611828939	0.2235495983456	0.632887038559504
NKTR	5.98181489178601	0.0341918999034875	0.0885042987554465	0.225629586005989	0.636624892501748
RPS8	185.589857244002	-0.0486908240535039	0.0495428830532355	0.228377240190822	0.642215192214458
NDUFB2	10.2969491702466	-0.0434224034538995	0.0882917823898024	0.23209359169874	0.650483042954996
PRKCB	5.81358584657659	0.0326336547710362	0.0877857930657671	0.232979628664611	0.65078976273648
TRBC1	7.4464005231447	-0.0338621030537835	0.0884127696035891	0.234559256189559	0.653025437497842
RPS14	208.60673742111	-0.0532934134314398	0.0627598724227413	0.235409656372012	0.653222821323663
SEPT1	7.75634160306004	0.0405752521090025	0.0881637798641888	0.236268940757637	0.653443473118482
IQGAP1	9.48952671963231	0.0431327757750739	0.087573272911794	0.240549945946776	0.661768312900843
ABHD17A	7.25360060231792	0.0317223526638059	0.0873545214842712	0.24085839550687	0.661768312900843
ARHGAP45	6.47082684742262	0.0397212596483197	0.0883121334638772	0.241950762593546	0.662597186448991
CHCHD2	19.7232543684365	0.0516747841499731	0.0809380557142292	0.244373370387927	0.664885988263257
RBM38	6.02545728397383	-0.0270807004505509	0.0871070688177532	0.243921258206077	0.664885988263257
H2AFV	5.73195024635026	-0.0360380153274471	0.0879098218196727	0.245238177258183	0.66507958751572
TSTD1	7.67386843562735	0.0376885746883593	0.0878009367815322	0.247156397486737	0.66568074283969
BIN1	6.16424188674851	0.0354634846244828	0.0876010969891974	0.246882565874069	0.66568074283969
TUBA1B	7.35746534060167	-0.0353235367900752	0.0878616404926882	0.247842949601412	0.66568074283969
ARF6	12.2468887757545	-0.0453619875596388	0.0864774330028656	0.249795031941303	0.668780309159144
TPM3	16.5660003878173	-0.0503838058077718	0.0855575836829063	0.251799349332399	0.671999537390288
RPL22	69.0967104958116	-0.051793837045981	0.066755958331757	0.256439750572369	0.677506979370124
RPS13	135.492510857626	0.0483884098876336	0.0561200815369236	0.255507020375059	0.677506979370124
EIF3M	6.85814397127913	0.0368538783657764	0.0871908612059675	0.255981277759939	0.677506979370124
FAM96B	5.76411909722717	0.0360172827071698	0.0873188173159881	0.257096920572434	0.677506979370124
FAM49B	8.75132686194824	0.0398727699349728	0.0867574964006646	0.259400198762704	0.681433750981649
HLA-C	145.243938531262	-0.0488218015827919	0.0815735380594633	0.261231310384609	0.684080000759948
UQCRB	19.2293336772918	-0.0450066671514813	0.084542051350481	0.26204019122189	0.684080000759948
CXCR4	6.91775817869278	-0.0267452186110798	0.086223782160813	0.266485756679273	0.693525043780219
GNG5	8.92016821385127	0.039795772193426	0.0866535736757866	0.269786327075416	0.6938440781779
RPL8	114.780453218019	0.0500832490627737	0.0635165342333233	0.268588451467709	0.6938440781779
FTH1	46.7393359531366	0.0495862861086711	0.078263083476058	0.268176904020555	0.6938440781779
GAPDH	54.5695677333367	0.0507609019007486	0.0677554303117991	0.269920249983288	0.6938440781779
SF3B6	5.6377071568055	0.0323415723610118	0.08630039450558	0.274101050563822	0.698166201740069
EIF3E	12.8834070433909	-0.0399361155025953	0.0854352038158603	0.273255107005014	0.698166201740069
KLRC1	29.2134436299797	-0.04289528567245	0.0838178953074783	0.273854754431966	0.698166201740069
ATP5MF	9.82964473023954	0.0396535047210181	0.0858333522813536	0.275904290650511	0.699560986438483
STK4	9.71247974653283	0.0370726317680446	0.0863916768576945	0.276318241660069	0.699560986438483
MPHOSPH8	6.57620062819802	-0.0331638584753267	0.0865337432334046	0.279187990193111	0.704697396933213
CASP4	5.65802072872791	0.0320434580163526	0.0859540525969404	0.280043068663192	0.704733007626892
HLA-F	14.8433685261228	0.0396541115132671	0.0845169981376644	0.282213774878802	0.706270919543535
CBX3	6.69130557216084	0.0349407294969932	0.085928997039832	0.282339806738764	0.706270919543535
NDUFB7	8.22039767384137	-0.0356467268270869	0.0859773309158742	0.285055320424841	0.709743461341086
MRPS6	6.4454691921678	0.0290768992105044	0.0862383028091857	0.285421893164613	0.709743461341086
WSB1	7.06143319722514	-0.0294398980080439	0.0859623033955669	0.286467146786927	0.710235115406641
TRBC2	11.7880569169493	0.03927268389222	0.0852422087631767	0.288498715452525	0.71316201636937
PPDPF	15.2866172711613	0.0414310321743042	0.0831874475310049	0.289473184245913	0.713466259994339
PRRC2C	11.6116931351248	0.0370529809481191	0.0841297300132293	0.304025280881895	0.71518245915957
CNBP	15.197569086418	0.0408862898320332	0.0828159541721327	0.29394664261267	0.71518245915957
CCNI	21.3936077992671	0.0435989256194788	0.0789820508251066	0.301584315882739	0.71518245915957
HINT1	26.5819399932009	0.0417635836116278	0.0743277788731837	0.301011311039562	0.71518245915957
GPSM3	13.0704108205633	0.0387332353977787	0.082928314458406	0.30010650804349	0.71518245915957
CD99	10.7697718915228	-0.034318822346122	0.0847887587653976	0.304093003625597	0.71518245915957
UBE2L6	6.1432817860665	0.0283242649902771	0.085990542729538	0.291027164994298	0.71518245915957
EPC1	9.89271691157709	0.0356028783857941	0.0849527013354346	0.295340001300181	0.71518245915957
BTG1	60.288340059096	0.0444208729225411	0.0759078523062422	0.300102113899256	0.71518245915957
ITM2B	25.2674820567817	0.0451269081031795	0.0775615548333923	0.29672173114734	0.71518245915957
HNRNPC	12.0267665523352	-0.037815549948635	0.0841557953307144	0.303169876171403	0.71518245915957
FOS	45.0493128040082	-0.0226840033142489	0.085310586569176	0.304109562247804	0.71518245915957
P4HB	7.50401813856349	0.0346555787282677	0.0853581159334107	0.298033848574434	0.71518245915957
PSMA7	8.50286931690187	0.0373002788928347	0.0846540753688068	0.295068434062085	0.71518245915957
C19orf53	7.09979075209567	0.0339513339588319	0.0852510052076472	0.297559365619434	0.71518245915957
RPL28	219.423122939177	0.0425696856259586	0.0523659252312042	0.302561326516666	0.71518245915957
IL2RB	34.8172763510163	0.0423641516028575	0.0814749535711045	0.304677968878242	0.71518245915957
DDOST	6.00344872969084	-0.0313997082775696	0.0856670456324436	0.309893323842752	0.717364595689407
HP1BP3	7.4030102884013	0.0319565466173704	0.0848836449723098	0.312945473085024	0.717364595689407
SELL	58.4916148516743	0.0407614171500062	0.0759703486992296	0.307503971987253	0.717364595689407
ANKRD44	5.60396589160718	0.0282103926147872	0.0853041984513892	0.313393888858027	0.717364595689407
LRRFIP1	9.30718094397144	0.0359612059818087	0.0840163548975066	0.311874725179889	0.717364595689407
CD47	7.62325490948254	-0.0333814304783157	0.084960043678618	0.315024070660742	0.717364595689407
SARAF	20.8346879562933	0.0436680454517137	0.0758274215212782	0.314522027675478	0.717364595689407
RPS25	122.862119196692	-0.0425458433605904	0.0537598530479512	0.309590896285306	0.717364595689407
ATP5MC2	27.5881923871523	0.0449576073028058	0.0731441546368857	0.308950698477754	0.717364595689407
FKBP8	5.84701188304765	0.0319974288599344	0.0850030196080489	0.313235960890567	0.717364595689407
TBCB	6.11863013401917	0.0318821192686479	0.0848098331785451	0.313279584956044	0.717364595689407
ITGB2	27.475093054372	0.0432999190276525	0.0782913945099897	0.319455634771809	0.725484612300206
LINC00861	9.45365127506194	0.032888364323994	0.0842057932533514	0.321194033261909	0.727461080739135
LYST	6.96021079114309	-0.0298905384609012	0.0846136831072585	0.327776935524991	0.728160238099393
TBCA	7.06710521906976	0.0318589080918014	0.0841579145955027	0.326678733166557	0.728160238099393
SET	12.3909782130482	-0.0361300899946316	0.0831590793636635	0.326229218976311	0.728160238099393
BUB3	6.42892205315531	-0.0292330094435038	0.0850684431264149	0.328369107765623	0.728160238099393
PCBP2	29.8692330220515	0.0438968480842129	0.0715959639328868	0.32845414081333	0.728160238099393
SLC25A3	9.75634389222009	0.0345077504773659	0.0837246467491895	0.323690630338095	0.728160238099393
RPLP1	359.051800467115	-0.0429422479434144	0.0600364977297569	0.323128281151841	0.728160238099393
PSMB3	6.55720091867081	0.0294510378645663	0.0843897789706539	0.327732825142463	0.728160238099393
RPL4	50.7304369473047	-0.0434659328561716	0.0709162838546914	0.33146995949562	0.732907192763403
RAP1B	18.8928391012111	0.0373040698511438	0.0813564763556107	0.335453652891396	0.737821945204697
LCP1	17.2320669984574	-0.0343549322748859	0.0830208023720144	0.334830349854376	0.737821945204697
OST4	15.5213258319336	-0.0397341505897409	0.0813744612197207	0.336370892258161	0.737902637990417
HMGB1	30.6882469070145	0.0422434920570541	0.0714816780195457	0.337473558808755	0.738388622145526
UFC1	7.17832592798593	-0.0321685443023857	0.0837478750106767	0.342664930226921	0.740002296527925
NDUFA1	9.69555921728664	-0.0336894280082959	0.0834218916589341	0.342538637041339	0.740002296527925
NAP1L4	6.07878190038567	0.0278629740394855	0.0840580759988971	0.343114773797675	0.740002296527925
ARHGDIA	7.82654101923504	-0.0323696519360755	0.0838203779143717	0.339096618695741	0.740002296527925
SMCHD1	5.98090958678239	0.0288660161810638	0.0840865918010789	0.343909007185653	0.740002296527925
BST2	12.7320020767885	0.0360959126836596	0.0810793859200835	0.343029608612858	0.740002296527925
TPST2	10.9375924310651	-0.0337018394103388	0.0830895501451775	0.344683844870888	0.740002296527925
SUN2	14.9854804619223	-0.0343041499685384	0.082998784623996	0.345275534537493	0.740002296527925
RPL11	182.453775859164	0.0364506657932009	0.045625214318769	0.347882911928677	0.743688469888345
UQCRH	10.9010966412738	-0.0337971692426657	0.0823041406329037	0.348929993943742	0.744028842047979
TGFB1	13.5914820334351	-0.0270802655084905	0.0838314577295631	0.35454363273127	0.754080112255849
XCL1	26.8245878514335	-0.0304746472429716	0.0827252254912755	0.361306318636718	0.760162395045502
BZW1	8.35056746799434	-0.0280557394273067	0.0836133855110077	0.363606890562799	0.760162395045502
NPM1	27.4406340589969	-0.0391814255623743	0.0760548152988343	0.367455813483403	0.760162395045502
GSTK1	9.93373737928831	0.0334146013661154	0.081172419921078	0.364843626930305	0.760162395045502
PABPC1	42.4512213426784	0.0366209812456208	0.0770124306593112	0.368288702134217	0.760162395045502
EIF3H	10.6360254593598	-0.0344711687237931	0.0816178798219316	0.367079136600389	0.760162395045502
AL138963.3	7.57912061046452	0.0193095018378767	0.0843399914296352	0.365671958154331	0.760162395045502
CIB1	6.01612509578329	0.0285669742967409	0.0831683575430055	0.365937468592871	0.760162395045502
RPL26	70.910374429716	-0.0336199387516295	0.0808042033988256	0.365277007035238	0.760162395045502
AC004687.1	6.68100343822071	0.0249029710222863	0.0842495592716546	0.361644753122652	0.760162395045502
RPL17	15.9673853536162	-0.0356535837078591	0.0801362788693694	0.365931460905948	0.760162395045502
UQCR11	12.2496346459745	0.0326680377106716	0.0813625591097014	0.367467222765012	0.760162395045502
ERH	6.37291687499649	-0.0263021434816255	0.0836245084653042	0.370922104233218	0.763716764981416
RPL32	217.445967713022	-0.0336024239143648	0.0449762040804071	0.376281684023607	0.764514122682267
GNAI2	5.82674086439546	-0.0217592298062317	0.084034171195229	0.372909765499083	0.764514122682267
FKBP1A	5.9035786706261	-0.027192043197131	0.0835526371721664	0.373229975255618	0.764514122682267
EEF2	34.9126528670496	0.0383913258086222	0.0738760310712617	0.374468935579917	0.764514122682267
TRIR	12.807512171629	-0.0351406175248483	0.0807378624667379	0.376526027232921	0.764514122682267
JUNB	23.9109586447428	-0.0290660876222783	0.0825729613600833	0.37678321320737	0.764514122682267
ARPC5L	8.06469561091917	-0.0282053928303333	0.0829672892547928	0.378767003274902	0.766682967981566
ARPC5	8.03754980961346	-0.0292102611997575	0.0824096497051672	0.388271959917955	0.767386562290675
CLK1	5.59545742413178	-0.0219507380659638	0.0835537259636214	0.387338787477436	0.767386562290675
SEPT2	6.84297544579462	0.0254185678655325	0.0831111720710073	0.387483327342068	0.767386562290675
MAT2B	6.71888315829051	0.0230290033755259	0.0835850331743202	0.387949361412692	0.767386562290675
COX6C	14.8047487940896	-0.0361511885965484	0.0798148586327496	0.387268645817164	0.767386562290675
SELPLG	6.58611441237715	0.0252943511639114	0.0836681655260779	0.38137941412064	0.767386562290675
NEDD8	5.65003066313305	-0.0264551681968241	0.0830808961177926	0.385649635996284	0.767386562290675
LITAF	18.0963406868185	0.0315523254344737	0.0805000243631598	0.386760854971728	0.767386562290675
NT5C	6.36520267998702	0.0275029919440438	0.0828785567063338	0.384229349728924	0.767386562290675
RPS19	227.799135026694	0.0353873658137262	0.0496392787443632	0.381064785673692	0.767386562290675
MBNL1	16.9660338855701	-0.0302017044725048	0.0806284899874345	0.390959147588042	0.770879448655951
LIMD2	28.5900778505152	0.0365466449026353	0.0729992525521833	0.39425094150152	0.775545279291723
C12orf57	8.91916086708973	-0.0281522097699444	0.0820723600110532	0.398703012263271	0.777007265759584
PTGDR	9.4575326943969	0.0290019427256416	0.0817858174781225	0.397646090785797	0.777007265759584
ZFP36L1	6.33553216240194	0.0246156798997852	0.0829960125052989	0.397894502027865	0.777007265759584
TMC8	6.86708270904638	0.0267157076690706	0.0823571047918927	0.396455326243455	0.777007265759584
SNHG8	8.17462615031803	-0.0227196399705712	0.0832133998498025	0.40226823303516	0.778793335083018
GZMK	35.0776851290303	0.0269964396274076	0.08161982972579	0.401699860417911	0.778793335083018
SERF2	48.8975848861601	-0.0374925203335349	0.0654209814470694	0.402407534714734	0.778793335083018
FAU	118.581930215797	0.0339684376967284	0.0523974737709517	0.40466764685963	0.781051345944117
KIR2DL4	6.33839373357308	0.0168592339726348	0.0837933768410608	0.405438347834953	0.781051345944117
GYPC	7.03479740113314	-0.0255092548939599	0.0824608705301712	0.408294627795832	0.781166434002072
ARL6IP4	10.3631082075112	0.0301706265014025	0.0801358602551697	0.406713278263697	0.781166434002072
TERF2IP	5.72880456963796	-0.02347025159555	0.0830916212125025	0.408217657896596	0.781166434002072
MACF1	8.09374241824193	-0.0219598390435754	0.0831400630985645	0.421205520885859	0.786689746917831
CD2	22.6031668059919	0.0303259519038955	0.0793982613271817	0.415503778825215	0.786689746917831
SLC25A6	17.9453196485679	0.0325680934095826	0.0776553302447118	0.419916414798677	0.786689746917831
DOK2	6.61050102412809	0.0251365071528083	0.0818822915972133	0.422474133965346	0.786689746917831
RPLP2	132.771072037376	-0.032333939242384	0.0498498315122102	0.412701219213199	0.786689746917831
HNRNPF	7.81636558484982	0.0239180867569915	0.0825846463948267	0.415194528840306	0.786689746917831
KLRD1	43.5927540876448	0.0334451752209803	0.0741699270235093	0.423385532052436	0.786689746917831
LDHB	12.3625734269357	0.0302073372093095	0.079541692049021	0.419455759592618	0.786689746917831
OSBPL8	6.10417826844707	0.0233730829353113	0.0827545626944637	0.413992361937128	0.786689746917831
ELF1	6.44290507340259	0.0231134539689726	0.082436095559643	0.421932686561799	0.786689746917831
ANKRD12	6.86098972525104	0.0243508681730713	0.0822038898642759	0.421006374929791	0.786689746917831
UBL5	12.6839508890978	-0.0317328126978861	0.078921558820805	0.419448360571155	0.786689746917831
CALR	11.9253664615639	-0.0261122194202584	0.0813750826260065	0.421479676484787	0.786689746917831
SP100	7.81202663064275	0.0245136041444797	0.0817510283251748	0.427209872523889	0.790291110761631
LTB	10.6276323194259	0.0213228793418234	0.0829595646676199	0.426798488271217	0.790291110761631
CUTA	12.505026062232	0.0288233856383114	0.0782343641142595	0.428621775339229	0.791156492806771
S100A4	25.3522489600582	-0.024250210873935	0.0809797592884215	0.434796424137114	0.792240871473805
TNFAIP3	13.1890835212794	0.0206824886771145	0.082903824276973	0.43240384037919	0.792240871473805
SLC25A5	11.2920211250888	-0.0281054102595391	0.0796126628429367	0.434881623959368	0.792240871473805
BCAP31	6.67609531933116	0.024824693373882	0.0813667884960601	0.433285546121321	0.792240871473805
GPR65	7.62008252779201	0.0235873643842976	0.0819596586901019	0.432834418093021	0.792240871473805
RPS2	164.399818041232	-0.0321290716222925	0.0553762612234133	0.433691100875186	0.792240871473805
OAZ1	20.3469867731739	-0.0324372587486298	0.0755607151874815	0.43714666295429	0.792919704666007
APOBEC3G	7.30147275459507	-0.0230984740922617	0.0822328726063934	0.436786474458479	0.792919704666007
RAN	10.3636906945035	0.027925294737599	0.0797011097061135	0.43967787977586	0.795788473546805
HCST	50.8479869838576	-0.0343953400815379	0.0649239300114126	0.440868076539781	0.796222948578312
ATP5MPL	9.4949623102466	-0.0233581384769522	0.0813852274743826	0.442059974629121	0.796444109346108
CSK	6.86824042359535	0.0218693492953305	0.0823850910387698	0.442891354361917	0.796444109346108
YBX1	19.9804665379822	0.0294592202139218	0.0759480180486876	0.450631939412008	0.803395151331803
HNRNPU	10.7191231076343	0.0267858167816981	0.0790772673935471	0.451384218125293	0.803395151331803
CFLAR	8.87338607786514	0.0241034501540119	0.0809456767188398	0.450009057517425	0.803395151331803
EIF5	7.47492128507264	0.0212094312061474	0.0820720193736053	0.451550258087445	0.803395151331803
RBM39	17.9609945168198	0.0294591308931365	0.0760346984559286	0.44927652387565	0.803395151331803
SF3B2	7.86006539544007	0.0243151692462244	0.0808350394084738	0.453842070658617	0.805761981381188
SUMO1	5.99022883429818	0.0231968069406038	0.0817198953888119	0.456532795792741	0.807119162182103
SRSF9	7.82421310396426	0.0232183636677807	0.0806110378149598	0.456214875104336	0.807119162182103
CD48	9.52573239405059	-0.0224654922915703	0.0813732164711068	0.457741266975227	0.807551961526822
TMSB4X	271.638544442495	-0.0318608977025305	0.0604641954181356	0.46031552494897	0.807668559526099
PRF1	24.9121191468602	-0.0251835862929269	0.0798056892182805	0.46077380165699	0.807668559526099
PXN	5.78978285406457	0.0216737474147371	0.0815291683590528	0.460803220822389	0.807668559526099
GZMM	10.0277647279181	-0.0193967341832167	0.0827696288187511	0.461662577581147	0.807668559526099
ENO1	10.7411193010793	-0.0264927151717921	0.078606902417234	0.467085170035148	0.810531048409221
SH2D1B	9.85991649744787	-0.0240636428566693	0.0804829052642964	0.468134877601507	0.810531048409221
UBE2D3	12.0717789422891	-0.0268108421411742	0.0780792398110688	0.466753881247525	0.810531048409221
GSN	6.00185853791469	0.0208962037426741	0.0817996232927776	0.467550805434112	0.810531048409221
SLFN5	6.72115525618894	-0.0174731548390629	0.0830267289878892	0.467657766162869	0.810531048409221
NFKBIA	28.17538494942	-0.0157508081190451	0.0830285580758015	0.470085968006084	0.812231012761028
ATP5PB	8.21714700553378	-0.0233622696893277	0.0806009592739336	0.474487289624652	0.818148865649091
ACTR3	9.60525068173278	-0.0205829393764254	0.0813400629106788	0.480868661335961	0.821760023218534
ARHGAP15	7.14796924136247	0.0201730778009515	0.0815974495243522	0.477590158025947	0.821760023218534
UBXN1	9.47601897647639	0.0231058354595423	0.0789218610161489	0.481484691408473	0.821760023218534
RALY	7.63936163964708	0.0238840705510028	0.0799010139543583	0.480981188442552	0.821760023218534
RPS11	39.711789518408	0.0298432092031682	0.0687559621915179	0.481071457025136	0.821760023218534
TNFRSF18	6.80963745646996	0.0195691976016548	0.0817733297950592	0.483774615790916	0.823990097627618
MSN	12.6660619461239	0.0245940129680378	0.0784604285860507	0.49067472434886	0.832359147782075
SIGIRR	9.68169448467266	-0.0242079489237979	0.078794203263116	0.490522640676163	0.832359147782075
SUB1	13.9414912651106	-0.0249284079784155	0.0770405578159115	0.491886017581549	0.832671343813957
GSTP1	20.2421208871744	0.0263871324449705	0.0752226287331399	0.492846045980576	0.832671343813957
ZRANB2	6.68799275782875	-0.020033126617215	0.0808533466515175	0.503224631964906	0.83413791008602
FCER1G	41.574320884724	-0.028812997737654	0.0691613688033032	0.502213198924047	0.83413791008602
BRK1	8.67884548263258	0.0229714232792338	0.0794018599673889	0.501334535007853	0.83413791008602
RAB7A	5.74558745415931	0.020310790585799	0.0804105702576923	0.509304192250933	0.83413791008602
UBE2D2	10.0242804760159	0.0229203867308642	0.0777368525069557	0.504635799533266	0.83413791008602
DEK	6.05903061602972	-0.0181078339742793	0.0814731952430824	0.508411257462905	0.83413791008602
SNX3	8.14918875658416	-0.0219292921808495	0.0800128662196901	0.498817660540164	0.83413791008602
SF3B5	6.56970366307187	0.0207041810602182	0.0806743113890382	0.498877948743431	0.83413791008602
TSC22D4	5.63690424997046	0.0210869232775829	0.0810453992643148	0.496255008906641	0.83413791008602
TLN1	10.3791366664362	0.0217920136872657	0.0801737796675952	0.496647508186837	0.83413791008602
KTN1	6.24030233441579	-0.0163160588948939	0.0820017877125157	0.506289376941574	0.83413791008602
ARRB2	6.0697930863016	0.0188701728010506	0.0813320629209581	0.503769400315099	0.83413791008602
VAMP2	5.64942182205815	0.0159476857092255	0.0823091790828	0.50748698440351	0.83413791008602
CALM3	6.73339186825038	-0.0176979623521228	0.0814479220424833	0.504456462509031	0.83413791008602
BAX	7.48646391649335	0.0190804232952313	0.0807272310795107	0.508887429076262	0.83413791008602
RAC2	29.7885366939485	0.0266656695393556	0.0724925668574778	0.509640346019143	0.83413791008602
RPL5	89.7826230356019	0.0271609156998263	0.056747741462352	0.511973872015599	0.835678071556565
RIPOR2	12.663444046936	-0.0211601388520674	0.078886618901245	0.515549960917485	0.835678071556565
BTN3A2	6.02717149313232	-0.016297677999158	0.0819264904565025	0.517561956011763	0.835678071556565
EIF4G2	9.13257854752522	-0.0205424094207451	0.0800531820704533	0.516384933194862	0.835678071556565
TCIRG1	10.400038033573	0.0189021281927418	0.081294641616773	0.517514322725671	0.835678071556565
DHRS7	6.99652196452891	-0.0195800144303407	0.0805194277256488	0.516074200839824	0.835678071556565
TYROBP	58.4214648777825	-0.0273269556604608	0.0585389311620897	0.516173918214455	0.835678071556565
SLC38A1	6.64756976182556	-0.0195269934188637	0.0806022586038602	0.51898251969602	0.836360291356279
HCLS1	10.8402883883924	0.0226550831258465	0.0773915668814963	0.528282256382784	0.849086033149975
PRR13	12.098730550097	-0.0226049059321663	0.0763389333337146	0.528905619694853	0.849086033149975
SAMD3	10.401855454767	-0.0178677087261425	0.0806363502702401	0.532133277923254	0.852634200573015
ANXA1	14.6881938619894	-0.0196317932253422	0.0794355018642501	0.53461615678971	0.854977746927055
NOSIP	6.54287961531375	0.0185596855524141	0.0803677030712069	0.538190711376284	0.859054887873002
SKP1	12.3300789290692	0.0230910527589329	0.0762593165815886	0.539581509162606	0.859637461365521
AES	15.8990830330247	0.0206139753639393	0.0785860489569931	0.541976773649315	0.861815059427183
BSG	7.06046304065051	-0.0190608695050886	0.0793201351447022	0.543765102475225	0.863021128549694
JAK1	32.7157691122355	0.0233292031737811	0.0687558058076601	0.561240926619443	0.864682994941449
SELENOF	5.97416606979278	-0.0161279742150177	0.0805873874372913	0.572604533484365	0.864682994941449
RBM8A	7.44264490588067	0.017806498034483	0.0788327571949522	0.574884902137489	0.864682994941449
MRPS21	7.76871335195707	-0.0172929502421054	0.0802286132963062	0.552432221093909	0.864682994941449
IFI16	6.30006548249665	0.0132376735660142	0.0816187643066193	0.572475472597881	0.864682994941449
PTPRC	39.2787119727518	0.0236230999550334	0.0709162900697153	0.55943272023454	0.864682994941449
TRAF3IP3	12.518359427216	-0.0201766558825423	0.0780340775339653	0.562704046672447	0.864682994941449
SERP1	9.55565226945493	-0.0210898561367213	0.0780319236204475	0.546248149911884	0.864682994941449
OCIAD1	5.72543790475485	-0.016387520210475	0.0802578836169508	0.573880229844118	0.864682994941449
FLOT1	6.21390451059716	-0.022555394346904	0.0818207010264283	0.550197791140439	0.864682994941449
FYN	7.49783800444428	-0.0143424120227503	0.0816270336419221	0.564979266864714	0.864682994941449
IKZF1	6.81061913755706	0.0167149938307465	0.0803466786205166	0.550173842682964	0.864682994941449
DDX3X	6.98535531299282	-0.0169418607890637	0.0802946453286708	0.562428863649762	0.864682994941449
TSC22D3	35.5395349170611	0.0157960690489871	0.0804412037555584	0.570656396676154	0.864682994941449
RPL10	344.504662855568	0.0236799941812487	0.0484826215624675	0.55312495489952	0.864682994941449
C8orf59	6.28507274770483	-0.0161985047460719	0.0802174788001966	0.576305977853148	0.864682994941449
VPS28	8.36995624667707	0.0189336074825169	0.0793288678385077	0.548184514245444	0.864682994941449
MALAT1	706.035014196418	0.0284776694073572	0.0675768961865826	0.564203390200675	0.864682994941449
BANF1	7.92042548923933	-0.0183976156287079	0.0791415865531757	0.562043530663861	0.864682994941449
CD63	16.4287586534478	0.0209830615283742	0.0743308410101082	0.570132420984136	0.864682994941449
PA2G4	6.20686733521597	-0.0170857524960642	0.0800283685852601	0.568731359004994	0.864682994941449
UBC	29.9423740477621	-0.0223783868499533	0.0729937311204049	0.575671561182826	0.864682994941449
CALM1	42.6152590213273	0.0256361299032146	0.0631991558733702	0.551730032034642	0.864682994941449
EVL	21.2921284563326	0.0231940491683257	0.0725016602059067	0.565757440480266	0.864682994941449
SRP14	21.9718745048194	-0.0226816876628363	0.0702759533483183	0.576799277055215	0.864682994941449
EID1	9.66192668771575	0.0192603093786486	0.0783658117016047	0.564162283051022	0.864682994941449
MORF4L1	7.89867080712312	-0.0124790006289136	0.0777909807135388	0.57539580183927	0.864682994941449
SKAP1	6.82301044816351	0.0187556883323437	0.0792394205582998	0.557757460918871	0.864682994941449
CDC25B	6.31320842618735	-0.0168259597595727	0.0804805538639881	0.561258209854652	0.864682994941449
SNRPD3	6.23433109283122	-0.0176413399693859	0.0805451037097731	0.549455699549639	0.864682994941449
SON	13.6026207539252	0.0215669210276228	0.0758890649796038	0.567560564948454	0.864682994941449
AUP1	7.3133476894799	0.0170779970788816	0.0791164598429916	0.585300852986175	0.866040748103838
NCL	16.9069000719688	0.0216160922878223	0.0745632816945028	0.585455117637983	0.866040748103838
PPP1CA	11.7131134753155	0.0195483622036464	0.0765558384573603	0.585193920223909	0.866040748103838
CTSC	11.2999827179944	-0.0176939594313446	0.0784573882549388	0.582049917919603	0.866040748103838
ATP6V0C	8.80114668013754	0.0161958196912403	0.0799371440733026	0.587614234785477	0.866040748103838
H3F3B	106.586262732798	0.0232314052338183	0.0617324502564494	0.58803960103948	0.866040748103838
ZFAS1	9.21045125073134	-0.0174808766944755	0.0789536282248424	0.58564345819507	0.866040748103838
PET100	5.85966476064087	-0.0144012747195057	0.0810466416097662	0.578865447507878	0.866040748103838
SELENOW	6.66128885111389	0.0169003393369091	0.0791660952555587	0.587917824746825	0.866040748103838
EIF3L	11.6028836721819	-0.0198591571076831	0.0756700437997171	0.584940050917512	0.866040748103838
HLA-E	51.8320196744689	0.0222764798939504	0.0649522716610146	0.593569461544647	0.872181760155365
MYL12A	39.8450346319397	0.0201231892286469	0.0695136948090316	0.594290912945959	0.872181760155365
ACAP2	6.01753751279801	-0.0144205396888828	0.0804914885327153	0.600952395884836	0.880416272292819
MIF	24.2379995713768	-0.0200904171631228	0.0734881891061644	0.605199331259152	0.885090819537817
TSPAN32	5.64902167115552	0.0137950727086293	0.0800682874409541	0.607576434077069	0.88701925393133
DUSP1	37.2710329454694	-0.0117157355535908	0.0813550513025666	0.612895879984437	0.893229125959927
CAPZB	8.73144052146008	0.0140023086809819	0.0767986148311276	0.65115017020574	0.895077034773993
SFPQ	7.16788018981978	0.014253014644614	0.079345632992668	0.628723122945982	0.895077034773993
S100A6	11.1062378421856	0.0116628408239056	0.0801540679017593	0.649254765122164	0.895077034773993
CD247	13.8818788199218	-0.0180846991041863	0.075483132698492	0.620982377321782	0.895077034773993
RPS7	143.292299856797	0.0184484091408744	0.0479376577665483	0.629913524764221	0.895077034773993
CD96	7.1736641413911	-0.0143231980974731	0.0788255687028956	0.637801826689543	0.895077034773993
SPTSSB	7.09132604818334	0.0135056307914914	0.0804236930616704	0.624821830441571	0.895077034773993
RPL35A	129.45323847328	-0.0209812984502811	0.0543139838936921	0.636316693047844	0.895077034773993
PIK3R1	9.38486254328477	0.0149423292439313	0.0787914419467647	0.63557919031151	0.895077034773993
ANXA6	11.8838094710028	0.0181229592242937	0.0755526387601865	0.617804063189499	0.895077034773993
SERPINB1	6.88743745806984	-0.0125812650754988	0.080180985771493	0.642773455527492	0.895077034773993
HIST1H4C	7.87808800293645	-0.0139551246841021	0.0790261727559316	0.643646961592242	0.895077034773993
CCND3	14.168350565158	0.0162585190968768	0.0752268374852956	0.648169712163698	0.895077034773993
HSPB1	5.65954951502648	0.0108788197791982	0.0813764724932541	0.652615833230203	0.895077034773993
ARF5	7.8155441445168	0.0157333108025034	0.0784058362975095	0.623087702311282	0.895077034773993
NUCB2	6.50857779668611	-0.0138951188233123	0.0793283930830217	0.64690357747488	0.895077034773993
OTUB1	6.18634931985663	0.0144637976914601	0.0790375345474644	0.626731952910577	0.895077034773993
ETS1	12.0845674736264	0.0143690415248649	0.0775283705583108	0.652381316376234	0.895077034773993
OPTN	6.26886949048463	-0.0140848731255644	0.0797192524459479	0.625810669748089	0.895077034773993
APBB1IP	5.72295022613469	-0.01236294993111	0.0803865394483769	0.637268781257897	0.895077034773993
MAP3K8	17.7085237524487	-0.014531772726848	0.0792997283632078	0.632783917076507	0.895077034773993
C12orf75	5.71761526880714	-0.0131674819956251	0.0796659471703677	0.651046104336625	0.895077034773993
ARPC3	22.5140633408448	-0.0187833776042692	0.0690107958416394	0.648595848657332	0.895077034773993
RPL6	122.023786137064	-0.0195043744528875	0.0505954885529931	0.641512397131717	0.895077034773993
RPLP0	99.6571865420568	-0.0213315836203307	0.0588644036560576	0.615884923578023	0.895077034773993
COMMD6	22.6904253535105	-0.0200232423657038	0.0700528020550892	0.627555795712845	0.895077034773993
RPS27L	6.36561119207293	-0.0132363055513576	0.079681633775754	0.646171662113187	0.895077034773993
SPSB3	5.94621693210103	-0.0137253846377685	0.0790980420227933	0.652514032302527	0.895077034773993
ZNF207	6.47870863958245	0.013135958622286	0.0802675350483631	0.63066869037612	0.895077034773993
CCL5	39.7763884588695	-0.0130816241883797	0.0802257625884269	0.632733814399179	0.895077034773993
CD300A	10.2861643728667	0.0146929905166932	0.0788641341806719	0.640259660530762	0.895077034773993
MYL12B	17.6700377966238	-0.0179714612338866	0.0742146715537426	0.630000004753863	0.895077034773993
GPX4	7.20909185213362	0.0146462193548717	0.0788081394485452	0.632255931750501	0.895077034773993
ICAM3	12.0796180502829	0.016643858642727	0.0751909739965528	0.64563584180489	0.895077034773993
COX6B1	14.3758010132279	0.0180074368983638	0.0741332185680132	0.623095746754041	0.895077034773993
NKG7	166.467961248099	0.0219994025777794	0.0595851951337112	0.634045010285217	0.895077034773993
GZMB	19.3316833108686	-0.00894786590952909	0.0820628776552914	0.653824514179641	0.895269514513952
H3F3A	40.8175119805007	0.0185804326175244	0.063688564490766	0.658499961257846	0.896371133455367
ARF1	12.7122699484642	-0.0153940777167657	0.0758201495284757	0.659977314250551	0.896371133455367
GNB2	6.82964490577749	-0.014066534180244	0.0781862412275138	0.65642461742552	0.896371133455367
RPS4X	188.780638673072	0.0166267829114053	0.0444458376645382	0.658141933794065	0.896371133455367
CHD2	6.24088791968866	-0.0117089969290417	0.0803927284943614	0.65904996235402	0.896371133455367
PLEK	7.41664365116607	-0.0103142152748544	0.0809970115818162	0.663188566060082	0.8986909636366
AOAH	6.44475396184459	0.00961938616270632	0.0815347435343704	0.663830198676677	0.8986909636366
GBP5	5.67572442508974	0.00947678312297328	0.0814855397180895	0.666463836431504	0.89935055544219
SSR2	14.0482315738942	-0.0163632522490118	0.0734407379162294	0.666043566464289	0.89935055544219
SSR4	18.3763143314709	0.017067815274479	0.0712359415047547	0.669076312376801	0.899977447466709
ANP32A	6.17509600873322	-0.0121451368197236	0.0796083995260667	0.668680123635491	0.899977447466709
RNPS1	6.79000601082184	0.0128418061005238	0.0780096361885979	0.674911889880745	0.902202682483774
RPS15A	243.140146810788	-0.0171521034580766	0.048845716410341	0.675037090593468	0.902202682483774
ATP5F1D	11.6395660738958	0.0147917836064479	0.0752366356835381	0.674059644231566	0.902202682483774
FTL	54.8487159474435	0.0172497682922477	0.0678113161099878	0.674203124884686	0.902202682483774
ARPC2	21.5303172678125	-0.0167318636194354	0.0720050144585321	0.676273565386803	0.902415999672199
SERBP1	10.240415948069	-0.0130409283590551	0.0775093389118725	0.681957717822526	0.908554161423333
SRP9	7.8799252108485	-0.0121437121934882	0.0789658758957887	0.684435086959481	0.910407306146104
PRMT2	12.0645130674052	0.0145390008807872	0.0746915359108639	0.686985627416546	0.912351752416903
VAMP8	9.53242567671685	0.0130075469369283	0.0772552538425802	0.690993890043427	0.914917047159891
CST7	28.6416531029777	-0.0155578453412875	0.0712471704065761	0.691100824405979	0.914917047159891
C4orf3	8.80049930754693	0.0125227006236639	0.0775065392547323	0.694163844970072	0.917522558493566
NSA2	8.54456659286892	-0.0111182517012256	0.0789392461055869	0.697577995878156	0.920583244954164
RPL29	136.747864363006	-0.0142121283259867	0.0444806029207859	0.701153625776728	0.922396763580687
TRAPPC1	9.03228694913759	-0.0129390835133592	0.0767229123965031	0.700927883874371	0.922396763580687
PTP4A2	10.0190443856459	-0.0115217388078551	0.0776544547546912	0.713822388637346	0.923122163083481
CAP1	8.47300514721505	-0.0117516349013973	0.078049993072598	0.708969028049198	0.923122163083481
LEPROTL1	5.88080405433026	-0.0108142015519174	0.0788229692423718	0.710575964889543	0.923122163083481
EDF1	17.0956030895499	-0.0151379320602957	0.072225566213096	0.711317377822821	0.923122163083481
EIF3F	15.03592433013	-0.0140201395846402	0.0719559235178611	0.713465797345949	0.923122163083481
RPS3	220.673515732692	0.0140685396701215	0.0437642293911392	0.706689395037311	0.923122163083481
BIN2	12.3507566956224	0.0130771986929816	0.0751834623651767	0.709527515132574	0.923122163083481
PNN	8.47973165582789	-0.0123618566888389	0.0771267578694285	0.707544736574557	0.923122163083481
SYNRG	5.80499595431857	0.0105081508708816	0.0795213205630161	0.706731968749603	0.923122163083481
GNAS	7.33612589627117	-0.00991648595768351	0.0799535197195321	0.712588507807063	0.923122163083481
XRCC6	5.96726224828004	0.0110683154136608	0.0791108734350993	0.703664576174815	0.923122163083481
ZFP36L2	71.1270493556736	0.0138927841816663	0.0735581959984146	0.714943575145377	0.92314748223702
RPL15	105.765987683935	-0.0122167874182912	0.0499153201890684	0.725427060174544	0.925230747199252
SPCS1	8.36110366849516	0.0113292580737343	0.0776710878050936	0.717725855133087	0.925230747199252
SH3BGRL	7.09429726995104	-0.0112041381641266	0.0777346043449163	0.721656354539131	0.925230747199252
RPL30	228.65354932531	0.0134245086569062	0.0474122785533958	0.722126825201744	0.925230747199252
HSP90AA1	23.738604086908	0.0140644583695253	0.0708867602682849	0.720510234520148	0.925230747199252
RBL2	7.79275850022966	-0.010464155148786	0.0786808289733363	0.724444671812324	0.925230747199252
SAMHD1	8.02344066281059	-0.0105427883191482	0.0785253227558327	0.723511173754338	0.925230747199252
UQCRFS1	5.66436633321224	-0.0103403603900535	0.0789822875649583	0.720562715459294	0.925230747199252
EIF3K	19.4716353909154	0.0137965972268264	0.0698746999850912	0.726493832526382	0.925230747199252
CFL1	54.8188358703143	0.0146887567380152	0.0599270839785186	0.728396483728924	0.926246211479268
EIF3G	20.0469969955427	-0.0133566148968414	0.0721754836641621	0.730364531402352	0.927341632295714
ATRX	7.16090304720131	0.0092926196231588	0.0794999533701408	0.732588246553072	0.928757867793455
SRSF7	11.1833402878283	0.0115342414559709	0.0760198078390894	0.735195607213736	0.929251762963968
PNRC1	31.5847283393652	-0.0140453684530462	0.0664196403520998	0.734992878293438	0.929251762963968
NDUFB11	8.77882876599296	-0.010694443688526	0.0772441029940583	0.736430146411508	0.929410335380788
JUND	7.04936775539748	0.00688746676398241	0.081603582182004	0.737549820454025	0.929423683519508
RPL22L1	9.02992479953275	-0.0107156905965914	0.0770152924495529	0.741506284483524	0.931607595797891
APMAP	7.84994408133583	0.00997327196549294	0.0784486854190241	0.740555996961353	0.931607595797891
MBP	11.6091431024443	-0.0113692831211255	0.0754987442398691	0.742698133521661	0.931708137561604
SSBP1	6.51468208515509	-0.00937686175041809	0.078735138199445	0.748135258514348	0.937126078677166
SRRM1	10.8212882695205	0.0109385060373006	0.0757299714261885	0.750340840313672	0.937769209704728
CCNL1	9.15706147353022	-0.0103233692299051	0.0769093186585253	0.750886801565481	0.937769209704728
CCDC85B	8.07684077278464	0.0100912461523989	0.0771181576305115	0.752381789898724	0.938238005855849
ERP29	6.05386908572615	0.00889804196448128	0.0790447737614676	0.753908373379087	0.938744750210512
CSDE1	7.9600782810556	-0.00145358986101908	0.0774883483612909	0.760451493369057	0.94080780627497
RPL10A	89.1084413730655	-0.0132901279961454	0.0563488309373122	0.760262524008147	0.94080780627497
WAS	6.76270974587471	0.00343309586768948	0.0792325906865777	0.761178630852541	0.94080780627497
ANP32B	7.47915607232452	-0.00925804441288849	0.0783143747792882	0.7585577177637	0.94080780627497
ATP5F1B	8.16828431180427	-0.00968607147829068	0.0770967139638451	0.757453968744759	0.94080780627497
PTMA	92.2276057085389	0.0121888506035593	0.0587704255483809	0.763726169138326	0.942566317728891
SDF4	6.43577639943886	0.00786130734728646	0.0779179260412722	0.796631666895078	0.944239514650744
COX7A2L	6.15811700354214	-0.00707311750834118	0.0791518428214123	0.796452286480259	0.944239514650744
COX5B	12.4798799216221	0.010508594832356	0.0734162981355118	0.771159821983213	0.944239514650744
ARL4C	16.4502311716054	-0.00893552569858666	0.0757548267472845	0.793689766899837	0.944239514650744
RPL24	76.5090841836715	-0.0118073985080162	0.0513164612835643	0.775901120262965	0.944239514650744
CBLB	6.41178156551306	0.00801223541089754	0.0787251172376495	0.786306896610916	0.944239514650744
PAIP2	6.57295898971905	0.00879688871109124	0.0779608223180798	0.773876943503916	0.944239514650744
NDUFA2	5.58314116453721	-0.00617127719657648	0.0792736267642352	0.79417245529993	0.944239514650744
HLA-DPB1	5.86308565654908	-0.00695585509956112	0.0807276927423058	0.7694623156555	0.944239514650744
HSP90AB1	19.6366947667401	-0.00960964657315956	0.0725379347507752	0.795592873813315	0.944239514650744
PPIA	50.0092574209463	-0.0113514633558403	0.0627953620770739	0.790315638699531	0.944239514650744
MTDH	7.45245458938054	0.00798217791893365	0.077740566481428	0.79445380469737	0.944239514650744
YWHAZ	23.4104960611406	-0.0112307496258619	0.0702715475792013	0.774155584920644	0.944239514650744
SEC61B	10.4797804172773	0.00992462694665337	0.0756330297663112	0.773271074803005	0.944239514650744
TXN	5.72111901593707	-0.00850058479351146	0.0787288269015044	0.770504880487342	0.944239514650744
DGKZ	6.01979808312759	0.00819915204610181	0.0788481408154497	0.776992270829293	0.944239514650744
RARRES3	12.8166907791554	-0.00841715981923622	0.077897324117769	0.783932183205066	0.944239514650744
ATM	9.91763589921972	-0.00801831287364156	0.077871526245839	0.792692075706866	0.944239514650744
VIM	18.3758018922151	-0.00962433754642797	0.0763418949094177	0.767838149751447	0.944239514650744
TMED10	7.17357877087227	-0.00873026000713988	0.0778267472939111	0.774996633320106	0.944239514650744
RSL1D1	6.36535971371379	-0.0074471704613563	0.0792677658538886	0.78290379704029	0.944239514650744
UBB	26.1353117579102	0.0115682031168701	0.0669758442277109	0.792695484919536	0.944239514650744
MYO1F	6.63000588905074	0.00818138741378107	0.0782404728177927	0.779231207936008	0.944239514650744
IER2	23.9655820857446	0.00875560521289612	0.0765570437093914	0.790223414872326	0.944239514650744
ADGRE5	9.73700036723539	0.00845700233592884	0.0776228882333172	0.783975333600702	0.944239514650744
KLF2	25.7953224032296	0.00878042202734975	0.0748208599339994	0.780904522756142	0.944239514650744
RPS5	79.8435697782455	-0.0106304200266051	0.0629877520905233	0.779682484978283	0.944239514650744
MYH9	6.3231999390364	0.00827554110652245	0.0779110836040376	0.786593304319512	0.944239514650744
RBMS1	5.79172868192044	0.000796980813350622	0.07805055377858	0.799829009034908	0.945355020551837
EMB	5.7485693763627	0.00696905121162885	0.0790342435609693	0.799609644900087	0.945355020551837
GIMAP7	8.40540067988104	-0.00557845206637297	0.0810368631192602	0.8011893535535	0.945553938628312
ST13	6.65649134877742	-0.00711799232595707	0.078649974501973	0.802253998048603	0.945553938628312
PPP1R15A	6.99570780180383	-0.00457368895359569	0.0819643635183713	0.805445237784866	0.947981895033311
JUN	23.1248471773046	-0.00408515041218102	0.0822316450194236	0.812207587065146	0.948624851990144
HNRNPA2B1	33.3941385056885	0.0101488815152454	0.0653349539545129	0.807361903000908	0.948624851990144
KMT2E	9.62181951236307	0.00813971578982575	0.0755251993136644	0.811838914211996	0.948624851990144
SORL1	5.94602367101114	-0.00655753452667727	0.0795157941726895	0.809773589745751	0.948624851990144
COX6A1	13.0172830538336	-0.00829926132959906	0.0729734447342968	0.812783584402057	0.948624851990144
SUMO2	18.8986205093969	0.00903909339797099	0.0700284809788088	0.810823190794487	0.948624851990144
EEF1B2	56.4627307233793	0.0099314013751069	0.0588078406623895	0.81460875800801	0.949432738818793
CXXC5	6.72117975902304	-0.00611578406533658	0.0789684348888399	0.826582107292481	0.950507631519533
C9orf16	11.1753680310513	0.00772478056020935	0.0748484972743792	0.824193546407944	0.950507631519533
ARHGDIB	39.9980152825669	0.00998558351107113	0.0600055214525281	0.825651448818802	0.950507631519533
KIAA1551	6.35523084515138	-0.00528196352137696	0.0799082078239721	0.826873583982983	0.950507631519533
DAD1	7.29137508018365	0.0065593828537308	0.0781543857842848	0.819443342089721	0.950507631519533
RPL36AL	33.2753414530678	0.00853400473323439	0.0646123953587212	0.826644430976464	0.950507631519533
MMP25-AS1	5.73745786327265	0.00610256247928046	0.0792211664203377	0.818748415849663	0.950507631519533
RPL13	263.957433010124	0.00875267625079105	0.0482883117961945	0.826294583717641	0.950507631519533
NME2	6.39635534314598	-0.00577607319998363	0.0802516865379125	0.819654980915643	0.950507631519533
FBL	6.91767995308001	0.00719659203423395	0.0772119729202407	0.820339440701984	0.950507631519533
CDC42	12.5289470078738	0.0074843705660466	0.0744537128729766	0.830632597630568	0.952183724995669
CDC42SE2	6.27769951857205	-0.00593861281948031	0.0789173717531049	0.831740437585716	0.952183724995669
CIRBP	26.0568172119755	-0.00860971372469928	0.0694276977562821	0.83096462613918	0.952183724995669
PRPF38B	6.00517913902055	0.00551288703377025	0.0786191923525311	0.845592583441269	0.953795194430502
KRTCAP2	7.66367363330674	-0.00633550553481935	0.0771582510504593	0.839370003114957	0.953795194430502
GUK1	11.3213102319273	-0.00686082982678258	0.0745088269963998	0.844369614555713	0.953795194430502
HOPX	33.4226566731858	0.00772822985761721	0.0704285939547996	0.842880529123277	0.953795194430502
PSMB1	8.87664240399539	0.00634581204216101	0.0758987961806683	0.846975838423644	0.953795194430502
TAX1BP1	6.75251729639804	-0.00594878805770666	0.0783541569142812	0.838124451676406	0.953795194430502
UXT	8.32546631079751	0.00652831562717078	0.0758333508108494	0.847944415096329	0.953795194430502
KLF6	9.45199425326149	-0.00480637935840179	0.0800590451360712	0.847858315231497	0.953795194430502
ANXA11	6.16781187241745	-0.00607397772114139	0.0780301600706521	0.842711953560422	0.953795194430502
HSP90B1	12.2656953452146	0.00704323451864671	0.0745568811207182	0.846574495498805	0.953795194430502
SCAND1	6.18562341342607	0.00576300877758532	0.0780317874046561	0.844695797571113	0.953795194430502
NOP53	16.9968259260503	-0.00688141000820803	0.0739827938277385	0.845187300265432	0.953795194430502
MT-ND6	30.1013094081309	0.00658553932767927	0.074483950158719	0.843533767528436	0.953795194430502
JTB	8.16840923755179	0.0061570122087269	0.0760477153078007	0.85103421297715	0.955415346289477
SPN	7.09799293546478	-0.00532483274295229	0.0787616421478583	0.851664992456133	0.955415346289477
SRRM2	10.2343762306017	-0.00524880525375762	0.0784617505040843	0.856193643634823	0.957015537161203
DYNLRB1	5.70018461201213	-0.00527263921875947	0.0782642417131958	0.856517485526137	0.957015537161203
WDR83OS	11.0630229404787	0.00636024216745898	0.0740060986731943	0.854773867152954	0.957015537161203
KHDRBS1	7.53189719197317	0.00546480303169501	0.0773592875684493	0.858484917097933	0.957237867723141
CELF2	8.04848280227752	-0.00529278968964633	0.077720756166894	0.859001045975897	0.957237867723141
YWHAB	17.652887379383	0.00665497578385157	0.0712008011796963	0.862055920329001	0.959366349582607
TXNIP	75.6351464551607	0.00592626594882718	0.0743416986676891	0.870217439855687	0.962489337294129
YWHAQ	8.55446721832235	-0.0049726922469503	0.0770654782791667	0.870604913686098	0.962489337294129
PSME1	25.443296890804	0.00695485478967386	0.0665303540419535	0.867621741168744	0.962489337294129
ACAP1	10.1772917801412	-0.00330048443141436	0.0747041501079224	0.868830659524848	0.962489337294129
HNRNPUL1	5.84151055905369	0.00494579082933716	0.079262617067656	0.866530823879981	0.962489337294129
SYTL1	6.52982597682878	-0.0040780156348417	0.0789750931779835	0.881506755443978	0.963805943862949
WASF2	5.60836087943775	0.00393228829656771	0.0790570647898935	0.885410449773305	0.963805943862949
FGR	8.49182163760972	-0.0039370042226783	0.077506000732009	0.895948484808159	0.963805943862949
SRSF11	10.0220954243421	-0.000871113511514226	0.0754159148060254	0.890351783525842	0.963805943862949
HNRNPA3	12.0128296140213	0.00541620035144664	0.0749852963743408	0.874702429072074	0.963805943862949
RPSA	103.118500280055	0.00538178604069439	0.0535805282982212	0.888480463544768	0.963805943862949
TXK	6.8356499773556	-0.00397836945082226	0.078199925761349	0.893744530744237	0.963805943862949
PYURF	6.00088673744059	-0.0069483206958758	0.0781450047696537	0.891997328239902	0.963805943862949
HNRNPA0	9.50127205978763	-0.00444405726940848	0.0755415289775525	0.894312382842792	0.963805943862949
HMGN3	9.67742588699834	-0.00531032730692671	0.075522673068478	0.874146076577316	0.963805943862949
SEPT7	18.4857675295782	0.00562981824298099	0.0706781347990877	0.883738974730808	0.963805943862949
OSTF1	9.19567859912934	-0.00451561726865097	0.0754924751452997	0.888021398193402	0.963805943862949
KLRF1	26.1259925031993	0.00619331487740853	0.0682082488190389	0.87977278163527	0.963805943862949
GTF3A	9.57530113435392	0.00454126080845329	0.0751940910395812	0.893519825775055	0.963805943862949
TC2N	6.46213819117868	0.00429448310079764	0.0788123130539642	0.875533104538351	0.963805943862949
PPIB	20.1672490671436	-0.00484153653226509	0.0722173035098325	0.895606013275873	0.963805943862949
APRT	12.6315546038804	0.00570377122964894	0.0735478013880826	0.882957793618736	0.963805943862949
RPS15	144.250062577728	0.00519535805182932	0.0462166699753748	0.892800463483417	0.963805943862949
LSM7	7.94814368921753	0.00456009349701099	0.076736859005252	0.885598784358251	0.963805943862949
LGALS1	7.63290834963403	0.00270274792554991	0.0820267200899681	0.881690053958183	0.963805943862949
TSPO	10.0912937819822	-0.00500810989172269	0.0751410398810143	0.882268497618389	0.963805943862949
XRCC5	6.38145717620566	-0.00364336134278569	0.0782598197108771	0.900058423194606	0.966985844406512
CLDND1	5.88034286013503	0.00327543265294803	0.0793048949839501	0.902827118864588	0.967482314612182
PSAP	6.14656761813962	0.00359943724080361	0.0781147087190225	0.902829558504447	0.967482314612182
TMSB10	173.122180928023	0.00454422033263881	0.0582402995726953	0.913410960810874	0.967684431301533
STK17B	7.83227341122391	-0.00309673406825928	0.0783739961525396	0.910045743582367	0.967684431301533
SYNE1	7.58368653227637	-0.00313279269208392	0.0792727835124944	0.904417663466949	0.967684431301533
CLIC3	9.24034487270695	-0.00258965981837345	0.0806161718723545	0.910466383693502	0.967684431301533
ATP5MD	8.7950191349005	-0.00407565836064387	0.0763976470298548	0.909521937923383	0.967684431301533
CRIP1	8.21170923892608	0.00300447346967615	0.0788702262592115	0.912503955036446	0.967684431301533
ITGAM	7.91682921874849	0.00345588308888269	0.0774927063134924	0.913345021482259	0.967684431301533
DDX5	47.2031548388434	0.00488037381638133	0.0664039361496599	0.906212855665273	0.967684431301533
RPS16	89.3517719649718	0.00439157917268795	0.0505473041755705	0.912946797273199	0.967684431301533
CD52	49.2355398829225	0.00364463684660862	0.0726586675039805	0.914852486194978	0.967706289116157
RHOA	20.5130739930603	-0.00423950181298533	0.0686817308798226	0.915741154259084	0.967706289116157
LCP2	8.06855298137918	-0.00334326819931782	0.0770120706125492	0.916916775653962	0.967728284632267
ZAP70	13.3123241173618	0.0033648864883437	0.0762181434858989	0.920284346194621	0.97006073221521
ARID4B	7.18228363023017	-0.00280929123413985	0.0778822707815238	0.924582415685049	0.971477173930688
PGK1	7.69602104331363	0.00295756015112602	0.0763679729469213	0.925454749954054	0.971477173930688
ATP5MG	28.9777892218429	0.00376381304848884	0.0668354229707777	0.925940909554787	0.971477173930688
PSME2	16.5563364716698	0.00322307087423837	0.0741851296768129	0.926265229081885	0.971477173930688
RSRP1	13.213518078983	-0.00289988238834566	0.0752600055080589	0.93196931163845	0.974394739755731
RPL14	109.619024799721	0.00279437229111296	0.0508370459634892	0.932865686533104	0.974394739755731
TCF25	6.37150177138992	-0.00617556128040953	0.0777463096452884	0.933698062080969	0.974394739755731
CDC37	10.0039804778618	0.00293331829422306	0.0751186311295463	0.931541451348255	0.974394739755731
CD53	10.0294063393298	0.00192571739616898	0.0757934632771216	0.953316343242643	0.977320339300371
DUSP2	42.9314028832853	-0.00274502106650953	0.0744026271537681	0.939574435711482	0.977320339300371
H2AFZ	7.04882500662392	0.00189631785678746	0.0789693505082911	0.943083886210758	0.977320339300371
TAF7	5.85463441891208	0.00233502838430411	0.0786801395086738	0.937886029347458	0.977320339300371
ACTB	193.346871486263	0.00247603626121152	0.0691244901182225	0.950282235726698	0.977320339300371
FLNA	10.1823724118651	-0.00231711022116766	0.0764766135397456	0.941527098121273	0.977320339300371
C11orf58	7.23780313591158	0.00225267849997963	0.077422096269323	0.947673644937822	0.977320339300371
CD44	18.0479306153154	0.00259742820795106	0.0757120058564934	0.940190124841008	0.977320339300371
COX8A	11.0425345082217	0.0022326692374566	0.0741661106951514	0.95003683225419	0.977320339300371
TRMT112	7.51652629189474	0.00182918733588448	0.0769356447945797	0.952549488785063	0.977320339300371
SF1	12.9635553621894	-0.00244607248402609	0.0743152066091881	0.944863885976892	0.977320339300371
NEAT1	14.4658518272113	0.00163735583197337	0.0784694681208126	0.952933520037877	0.977320339300371
PDIA3	13.1908296444455	0.0019078762226474	0.0730577959935338	0.955161524924826	0.977320339300371
NDUFB10	6.08781252551149	0.00189231929120611	0.0785898868035435	0.947118786123015	0.977320339300371
RNF213	11.4944164252134	0.00169155264233814	0.0778362625404065	0.954371313427924	0.977320339300371
SOD1	6.43888660402545	-0.00219024565066383	0.0776533055636796	0.944283607935759	0.977320339300371
NDUFS5	7.5914042174534	0.0017469595706769	0.0767728866229263	0.95973826354487	0.979611041230939
GZMH	7.5134805008756	-0.000925348154090533	0.0819932043834356	0.959470974089926	0.979611041230939
LMAN2	6.10289224670218	0.00103547087956658	0.078329783699917	0.966194025247531	0.985000721602714
SMAP2	6.81467367331483	-0.00110197548502366	0.0788916907920216	0.967428789812454	0.985061149286557
KRT10	8.83924275139036	-0.00204258792530628	0.076475043496129	0.969224476480876	0.985691882634677
SF3B1	8.74637373333925	-0.000890396936074913	0.0774484949605956	0.975657660538323	0.989831863839122
ATP5F1A	7.61889279371951	-0.00097162599484181	0.0769446266117951	0.974631062457313	0.989831863839122
IGFBP7	6.77056500015853	-0.000925286642889576	0.0777735614325194	0.978822992228523	0.991002045950528
BCLAF1	7.32338465601022	-0.00087383221230778	0.0777051901066348	0.979176245879519	0.991002045950528
PARK7	10.7272147064894	-0.000819159633607615	0.0749735130817285	0.982086680351439	0.992328634812935
ATP5F1E	42.3399387899166	-0.000791272466882365	0.0670113009382331	0.982855330423313	0.992328634812935
BHLHE40	10.2520819248086	-0.000444261202871592	0.0791319085661661	0.985546735661508	0.992654043851375
LUC7L3	8.89148647692435	-0.000559720501048912	0.0775445038086432	0.984396363053015	0.992654043851375
DBI	8.67038695980595	-0.000503792477190603	0.0757194823841488	0.987597312205577	0.992913343472823
TMBIM6	9.84992497329785	0.000477290322240325	0.075476766667414	0.988743631520377	0.992913343472823
SAP18	9.08095884411779	-0.000194071920854402	0.0750476632575576	0.989358761097621	0.992913343472823
EIF4B	9.91295354395827	-0.000104599575229676	0.0752655255613826	0.998926910905478	0.999416866105057
ELOB	16.6375597774577	9.96403662021928e-05	0.0713967322635007	0.999416866105057	0.999416866105057
RBBP6	7.22980476896583	-8.96664510745081e-05	0.0770063832104955	0.997264854092921	0.999416866105057
