""	baseMean	log2FoldChange	lfcSE	pvalue	padj
IGKV4-1	530.061820450885	-0.00839707125032565	0.0746199551180377	6.65480688903736e-11	3.07452078273526e-08
RPL37A	114.486738545655	-0.508584702169892	0.0884190775986359	5.11749694101114e-10	1.18214179337357e-07
RPS29	62.7979659381506	-1.04776226102326	0.208781372181518	1.64906359768788e-08	2.53955794043933e-06
RPS26	109.437899406963	0.628826203267681	0.129641618250698	6.57655078254601e-08	7.59591615384064e-06
RPL37	165.753775651178	-0.431040460186668	0.102417550618886	1.13813284702067e-06	0.00010516347506471
RPS27	173.478655181333	-0.612978922433085	0.149894842145231	1.7152062987464e-06	0.000132070885003473
IGLV6-57	283.838154115591	-0.00316797925559399	0.0739653161633469	5.15842797649927e-05	0.00340456246448952
RPS18	222.265579557297	-0.339996539608794	0.10841551836523	0.000102946191681249	0.00594514256959215
RPL27A	39.0845797379318	-0.415222161271385	0.143955193188415	0.000169866656825018	0.00871982171701761
RPS23	177.497292570729	-0.249122927637868	0.0862456543640617	0.000282528813969551	0.0125063789271616
RPL41	436.959315874589	-0.233289779151174	0.0811073753410504	0.000297770926837181	0.0125063789271616
RPL36A	27.3391551236366	-0.585809213703682	0.251190840808597	0.000453272981778711	0.0174510097984804
RPS28	185.032884423583	-0.217078188505845	0.0796768682585423	0.00050102392989508	0.0178056196624251
RPL38	36.3699450655753	-0.380682080421327	0.161541425646225	0.000600491993143084	0.0198162357737218
RPS19	212.849276149677	-0.210999047635175	0.0798336967920232	0.00074006652768757	0.0227940490527772
HIST1H4C	50.1440471512843	-0.0333312689270847	0.0851442844501471	0.000976362919307472	0.0265340981600031
RPS6	145.221033689869	-0.253614701377967	0.102054690044385	0.000962946635663277	0.0265340981600031
RPL9	82.1528597397029	-0.22600480869165	0.0947735470350569	0.00127274577117349	0.0326671414601196
RPL35	96.6959008263327	-0.185467437635511	0.075561948021621	0.00138597976120597	0.0337011920882716
ITGB1	14.8476703475369	0.8861396906241	0.475189490463796	0.00172029702521908	0.0385365481399198
RPL36	117.46625295644	-0.208156867361639	0.0927927835291354	0.00175166127908727	0.0385365481399198
RPS15	178.831222291045	-0.137412867454824	0.0547529932310203	0.00207472037602475	0.0416748179879754
IGLV3-1	54.5031215502869	0.00569761820860496	0.0741834649749072	0.00201962970276967	0.0416748179879754
MT-ATP8	108.784772955288	-0.0620391163090984	0.116896541692254	0.00243523122133295	0.0468782010106593
HLA-A	163.947998044399	0.291044087377965	0.155933330177137	0.00272807812589985	0.0504148837666292
RPL22	74.364525830807	-0.183361979235461	0.0975826913748249	0.00485298688447991	0.0862338438703737
RPLP2	141.444008183665	-0.133954961271786	0.0645782668138688	0.00622586816564627	0.0935854156934728
ARPC3	30.4785099653559	0.190126090385124	0.10946489776115	0.00625059356067634	0.0935854156934728
B2M	642.888180765907	0.213199614776638	0.12611421971005	0.00603102998741764	0.0935854156934728
RPL13	215.021715179868	-0.145816193146933	0.0736691239850801	0.00668467254953377	0.0935854156934728
ROMO1	15.4284899459766	-0.2404359548947	0.180931274151183	0.00668177506280992	0.0935854156934728
RPS21	121.919931400211	-0.209240612815705	0.145222349056168	0.00645831136593235	0.0935854156934728
PPDPF	16.0453471515487	0.298443800221998	0.224758706955416	0.00572452642711211	0.0935854156934728
IGKV3D-11	249.095911039868	-0.00688628426375758	0.0744442735474443	0.00726617046225352	0.0978108308671381
ITM2C	63.30494683912	0.264096572861687	0.233468484885889	0.00803038973041335	0.0978108308671381
MTRNR2L12	233.420419688369	0.0594272150613165	0.110576476818384	0.00837787969328323	0.0978108308671381
RPL24	79.6595209732156	-0.152751280525555	0.083123917737574	0.00764690479865836	0.0978108308671381
EEF1A1	403.567550902361	-0.21290363829371	0.152938266824782	0.00797269975425443	0.0978108308671381
UQCRB	25.0484555677278	-0.19780177547982	0.138350019797473	0.00845528084894249	0.0978108308671381
PRDX5	18.4075191747308	0.195785255109429	0.133276092177689	0.00846847020494702	0.0978108308671381
IGHV6-1	48.9799891919713	0.000394340051695168	0.073735434712509	0.00903860105616458	0.0994246116178104
H3F3B	53.8618681044602	0.156102914291479	0.0911813665338375	0.00895823986685484	0.0994246116178104
RPL31	41.9606747505007	-0.173866253932355	0.111779442333444	0.00969012591270085	0.104112515620181
RPS20	18.3490627908432	-0.222379344008751	0.259186672745235	0.0102894305451571	0.10803902072415
GNAS	17.7879281161209	-0.214213771798953	0.267735317531249	0.0107453195573265	0.110318614121886
HLA-DRB1	17.7638980740102	0.0947593377491487	0.184723776824884	0.011314875658326	0.113640707698839
H2AFV	19.2980833765314	-0.188984473693929	0.275602375661902	0.0123619856653829	0.121515688880998
POLR2L	18.2720635567547	-0.161382762397671	0.1296239597338	0.0156553910963217	0.150683139302097
RPL23A	111.634589585081	-0.130227160026148	0.0817483584157054	0.0166200426637356	0.156703259400936
RPL3	135.405481242645	-0.126114821437429	0.0758054809876915	0.017098201526879	0.157987382108362
RPS24	178.433352408116	-0.121563138656525	0.0748915706753611	0.0177011344891213	0.160351453607334
MEF2C	15.5910765175246	-0.128302385083663	0.229865522097684	0.0183983187607269	0.160377797499166
NDUFA3	13.2619250479555	-0.15001382016067	0.199070061732699	0.0183486864315322	0.160377797499166
CCNI	18.8204196746818	0.151537582567421	0.143192873405142	0.0190609920181377	0.163077376155178
CALM2	17.3555632307653	-0.0674608714436882	0.118695107074746	0.0195191359511738	0.16396074198986
RPL32	183.588421454199	-0.123102912438767	0.0803626454961792	0.0200959919381633	0.165791933489847
RPS3A	153.284032262407	-0.126933857630995	0.0919011435845579	0.0225511942116226	0.179631926306373
RPL23	24.0529690321317	-0.12784603623691	0.181573076199855	0.0222838455816508	0.179631926306373
HMGB2	20.1290175110446	-0.030826483976447	0.0825876120607372	0.0235979997450879	0.18478433698696
VOPP1	15.3318772583222	0.136421578432491	0.161089826519233	0.0250077747915957	0.189403146782249
IGHG3	41.3104934788036	0.00945387317113051	0.0743647743446861	0.0250002474066462	0.189403146782249
PFDN5	24.7152326075746	-0.131054490428449	0.132271360068344	0.0258993631284328	0.19299202847316
SRM	21.4528853018605	0.0940192973860337	0.153034767935896	0.0267752875065731	0.196352108381536
PCBP1	26.7908523329028	0.131199233294789	0.128476432640409	0.0273308915237934	0.197294873187383
MT-ND3	244.506780818604	-0.077887299071057	0.128046990959476	0.0279781188547641	0.198859860167708
ATP5ME	15.7250123028115	-0.0703913472971343	0.118128883494873	0.0285535503333818	0.199615953798385
RPS9	88.6272654555664	-0.125618210150301	0.104559059359272	0.0289486339924065	0.199615953798385
COX7C	37.9243486958742	-0.11890684442387	0.0964233581311551	0.0298838759034536	0.200936131738392
CD99	22.9081651351338	0.101534351385112	0.157295831976153	0.0300099417531365	0.200936131738392
IGHG2	129.447840316824	0.0140890626443879	0.0757643341805366	0.030781835948287	0.203160117258694
ZNF706	18.0702305234178	0.120755052789365	0.122734777138535	0.0332848007095081	0.216585604616799
RPL34	163.206483758939	-0.111591322170789	0.117005007000464	0.0369537759214826	0.233871842133219
RPL39	207.505616457309	-0.0917825742717442	0.133384356682033	0.0369382440414137	0.233871842133219
RAC2	31.8926559021289	0.106525698299765	0.136576729403144	0.0383382372349784	0.239354940575135
RPS3	177.178469770486	-0.0964148874718847	0.0701499770513047	0.0419946640785104	0.258687130723624
SPCS1	53.3873969972578	0.104866336288348	0.107437738788784	0.044376569792531	0.262845836463453
RPS14	163.282426752918	-0.100511779871071	0.0799886410112553	0.044304976605645	0.262845836463453
VIM	118.241120416579	-0.0625019599965508	0.106935636539705	0.0436108276220089	0.262845836463453
TOMM7	17.1307113776198	-0.0978697399590613	0.120385084470248	0.0478243881222524	0.26438433173422
NDUFB2	14.7793044406438	-0.0893883196754711	0.121485517959142	0.0480698784971308	0.26438433173422
NDUFA1	24.9726531294064	-0.101523509372539	0.112789406983045	0.0452963177380806	0.26438433173422
SRSF9	17.1607229085907	0.0960309647366647	0.119209118679239	0.0472434838006954	0.26438433173422
LSM7	15.7787216739347	-0.0942557312370434	0.12396321868434	0.0478784117977678	0.26438433173422
RPS11	49.7858592800411	-0.102605191937538	0.0958679556720147	0.0463407230769779	0.26438433173422
OSTC	33.5060416370202	0.0990390853051678	0.107007744738906	0.0509130688909247	0.273509742181479
PFN1	75.234986663004	-0.084839751344904	0.119791366709365	0.050870146005447	0.273509742181479
RPS25	102.508703582802	-0.0921769061292458	0.0687993104292798	0.0528136443191828	0.27727163267571
NME2	15.3004262802411	-0.0548277486686713	0.0981049176126228	0.0526872982288525	0.27727163267571
UBL5	20.0825764920264	-0.096713106335325	0.0978683162351953	0.0563211135365566	0.292363533189766
STMN1	14.3168570183025	-0.0257839793166306	0.0794809051897532	0.0590802222849477	0.293495297802644
IGHA1	812.201199294157	-0.029931712763983	0.0814410604359278	0.0586132277773862	0.293495297802644
RPL27	60.9978820786358	-0.0916135164377375	0.0787726043407048	0.0579453562944418	0.293495297802644
MT-ND2	63.756949993245	-0.0643561835235216	0.1036195778615	0.0590314534639239	0.293495297802644
FXYD5	23.4024731823841	0.076432054971583	0.11180116774705	0.0598180147660213	0.293999178956403
ATP5MF	22.0423952672395	-0.0889837596287911	0.099921588195532	0.0642338265172722	0.312379240536629
HMGN2	30.4324116744668	-0.0431080361902701	0.0888562535713492	0.066097907546739	0.317808759548795
PSAP	15.9843154555585	0.0569726076948144	0.0984375764871254	0.0667260815502881	0.317808759548795
TXN	28.0717344513234	0.0737421156610583	0.106144598086019	0.0679964324414087	0.318395765897985
LSP1	41.3417202693504	0.0844606094570318	0.105509600855504	0.0690738284493564	0.318395765897985
HSP90AA1	29.9091128009793	-0.052255266291536	0.0948471904274807	0.0696060007699058	0.318395765897985
COX4I1	43.9705153808076	0.0855003185264275	0.0743428146628234	0.0684557273735227	0.318395765897985
SEC62	14.9305892072565	-0.0549354332773428	0.0959025860261024	0.0723538281087813	0.327720280257421
S100A4	32.1532975922923	0.0245702724458366	0.0787726377428356	0.074726913799612	0.334093789851457
AHNAK	18.1464016839979	0.0428275593202685	0.0881305405534447	0.0766254719126435	0.334093789851457
ATP5F1C	15.6437059112472	0.0827023495277255	0.0957456867876565	0.0756997557337023	0.334093789851457
IGLC3	111.135824856146	-0.0111321813115433	0.0750048823904983	0.0766535535157022	0.334093789851457
ATP5IF1	13.348311915079	-0.0726605616717142	0.102693327180694	0.079059641655953	0.340315338606951
MZB1	192.7081139385	0.0700562510061827	0.111615230290976	0.0795542349990275	0.340315338606951
TMA7	34.0451025716527	-0.0708902278866101	0.0975120388612612	0.0828987116751612	0.348174589035677
TXNDC5	46.9541036879643	0.0440894724205614	0.0887109008300697	0.0827131935568232	0.348174589035677
UBE2D3	13.7875177601517	0.0718359888880863	0.0989979968971872	0.0883747666352381	0.355036019004174
RPS12	230.548508757224	-0.0791668993656893	0.0781176842197092	0.0862088560817185	0.355036019004174
HNRNPA2B1	36.5658492439101	-0.0676959629261652	0.0983268635267453	0.0876939906414322	0.355036019004174
HSPA5	94.1618589965173	0.0472219341505267	0.0897765316263994	0.0878629998947856	0.355036019004174
HM13	33.4298126030898	0.0583802906683908	0.0960640435178283	0.0861492435483634	0.355036019004174
SSR1	19.2615120084747	0.057515398114783	0.0948280333147678	0.0893855985915027	0.356001263355813
RPLP1	507.658766047533	-0.0767426281897078	0.0784543931464083	0.0940544332290456	0.368247018235755
UQCR10	17.746387374605	-0.072415020187156	0.0946010123521025	0.0937567690435317	0.368247018235755
PSMB8	14.9235101010021	0.0727039608105314	0.0891804902399088	0.0991107144160284	0.384782773615169
TMBIM6	45.6632033882227	0.0694849537085455	0.0914718732815501	0.100255840763039	0.385832911601097
PSME1	32.570425373953	0.0727455381858295	0.084740207544824	0.101051476847906	0.385832911601097
KDELR2	28.3389502584291	0.0545929494133734	0.0917748680289481	0.104886876266922	0.397194564223918
LMAN1	41.0903114975242	0.0488751929692086	0.0890416453218321	0.107519147140686	0.40385240633331
IGKV3-11	619.385344443589	0.0061463239402698	0.074292101267666	0.110613634764814	0.405080510550937
ERP29	27.0950502989385	-0.0669178741785878	0.0900372757322466	0.110003047221399	0.405080510550937
TPT1	172.709022047476	-0.0706672269728279	0.0831203569210415	0.111012351435496	0.405080510550937
SLC9A3R1	13.5443295005237	0.0534198468693577	0.0911660410330348	0.111353300519413	0.405080510550937
ANXA2	21.1085911552224	-0.0529247175153744	0.0899668614400848	0.118457953656052	0.427559176477312
RPS15A	266.693389667871	-0.0554567922624298	0.0893491916991467	0.120315923666427	0.430898889409996
ANP32B	14.6123592386794	-0.038989715477912	0.0838873260615198	0.122474037736552	0.435253887956053
HMGB1	64.9547771786835	-0.0444952919665317	0.0851954766717703	0.126206490159224	0.441722715557285
PSMD8	13.9523185709036	0.0592846782182041	0.0910975445489555	0.125418514843439	0.441722715557285
ARPC2	28.4691689828181	0.0641160180844362	0.0847909503322322	0.129859602863971	0.447724899426525
COX7B	23.2297267885336	-0.0614529856167599	0.0858998105089078	0.129532292797819	0.447724899426525
RPL26	57.1556558853652	-0.0535137549222568	0.0868347180462871	0.13130920451555	0.449369277675438
SPCS3	38.4754266772019	0.0466300389609729	0.0858489814207118	0.139016282784247	0.468799435374615
ATP5F1D	22.7669837258593	0.0627154696229414	0.0799572941230496	0.138765905166189	0.468799435374615
CHCHD2	58.1550233176473	0.0617029564449023	0.0793248425957548	0.14165894426908	0.474249509074745
RPL29	139.920928287448	-0.0632128152388066	0.0655808920425293	0.145035493265584	0.478617127776427
XBP1	56.9136675984691	0.0406576780380853	0.0835535622590883	0.144744510467237	0.478617127776427
CD52	60.1375776270138	-0.0346577919163082	0.0810428807542591	0.150364781919527	0.479093305150494
GNG5	20.8476918116585	0.0604978236934566	0.0803015874824161	0.147736930396337	0.479093305150494
RPL35A	127.811504280199	-0.0627754756713124	0.0699319377653371	0.149692842372893	0.479093305150494
RPL10	355.253661998758	-0.060052207878091	0.081209002103756	0.148820905876686	0.479093305150494
RBM39	15.7917475803235	-0.0573706436455055	0.0827002073716818	0.147702772527132	0.479093305150494
PRDX4	17.6453190437667	0.0311817334380004	0.0800116639796519	0.154018271979783	0.480786767936889
SARAF	19.410128094442	0.057129929214179	0.0817234822783673	0.153200018449181	0.480786767936889
SON	14.9038468808697	-0.0533933517848728	0.0835984224266352	0.151987278052585	0.480786767936889
COX5B	23.7436614991034	-0.0577219198498057	0.0781246832803592	0.156021484996478	0.480820785232428
AQP3	24.0013335903428	0.0348158205409951	0.0811625969258902	0.158146141090332	0.480820785232428
ATP5MG	56.770042038	-0.0583306688801889	0.0785302867259671	0.157459367459329	0.480820785232428
HERPUD1	30.5347113253788	0.0339716061395616	0.0806166517579131	0.15819211981673	0.480820785232428
MYL6	55.3802175634328	0.0575825578458621	0.0635097100454355	0.170081446097235	0.497326760107105
HSP90B1	301.824243334525	0.0417680031073669	0.0824335832129745	0.169307799922062	0.497326760107105
RPL36AL	67.5412598121567	-0.057125419607438	0.0754477268356518	0.168385134891656	0.497326760107105
ATP5MPL	18.6509140878578	-0.0450177493024276	0.0824324942446575	0.168671155898058	0.497326760107105
PRDX2	14.8922048713617	0.0390764318360839	0.081851767049373	0.169700861540997	0.497326760107105
CRELD2	15.3994133933231	-0.0400815918892335	0.0820189680696163	0.16546789118045	0.497326760107105
GUK1	17.0245110838386	0.0515101579660389	0.079478404713982	0.177135893142154	0.508302997712268
ERLEC1	19.849378676978	0.0352056606159793	0.0804777494824148	0.177044646954688	0.508302997712268
CFL1	50.2548938518936	-0.0484159967534133	0.0818954926269012	0.176374813517236	0.508302997712268
P4HB	46.0939129017099	0.042484349485154	0.0817796112917889	0.179512406595837	0.508802035872864
NDUFV2	18.4924768207014	0.0500777782132247	0.0803439675939569	0.179300112022074	0.508802035872864
TUFM	16.5890207397364	0.0505129321373069	0.079811417040232	0.182633686211834	0.512773955231612
RPL13A	73.7432949198033	-0.0548629928242781	0.0742545976273826	0.183133555439862	0.512773955231612
MYDGF	63.9636164804593	0.0373658814531468	0.080461477782301	0.18564261771239	0.513574187922901
KDELR1	15.4445648171655	0.0383337318467393	0.0805483404202602	0.185195239185039	0.513574187922901
PIM2	26.8492191095	0.0303263494164276	0.0786793293743143	0.19281472952205	0.528267750643618
RPL21	66.0184503684363	-0.0258564416523822	0.0776155797002093	0.193240800560111	0.528267750643618
SYNGR2	15.5992032754591	0.0412994538311396	0.0802360289781473	0.197269451616394	0.532973606121485
AES	13.9559929843219	-0.0230041133054827	0.076998853575978	0.196619395371236	0.532973606121485
RPS2	233.966805772092	-0.0542271314656539	0.0703837644417409	0.200822807754199	0.539419402223489
RPL6	115.773005702524	-0.0555318020333199	0.061578878313408	0.204526756790867	0.546192841834569
TAGLN2	41.1016554366681	0.0373031858801475	0.0794071098538679	0.21333151832499	0.547550897034142
EEF1B2	71.6517401700315	-0.051020664603103	0.062084459850751	0.211587606308613	0.547550897034142
ARF4	16.6695048429941	0.0415532746200227	0.0791232707629113	0.206938174697258	0.547550897034142
NUCB2	14.028269955305	0.0287732759025726	0.0778956622875397	0.210885207268245	0.547550897034142
ATP5MD	16.4548458271576	-0.0424755662780392	0.0788045140780719	0.210611794875859	0.547550897034142
IGHG4	18.3934815585897	0.00918043667280006	0.0744848032915483	0.212371538940258	0.547550897034142
ERGIC3	14.3716498873929	0.0407625048594115	0.0789190597864597	0.211521550682874	0.547550897034142
SRGN	47.8114033662785	0.0480245988755374	0.0750078894724586	0.215936209611603	0.551174192489284
SH3BGRL3	34.8783685342201	0.0420210106237985	0.0774064084903212	0.220298153730025	0.559218390237757
CLIC1	55.7076993642254	0.0474401517430099	0.0729819930681977	0.225328848006844	0.566987391173034
IGHV4-59	304.473650175132	0.00546151037072772	0.0741691715731304	0.225813160120862	0.566987391173034
PCBP2	28.6823572877716	0.043871804188929	0.0762337289397467	0.227969970701556	0.569308791697939
IGHV4-61	170.102191617477	-0.00395859240182387	0.0740783620974753	0.231914884635442	0.572966185569915
UBA52	66.9758550830037	-0.0521922302833082	0.059877912432123	0.231327721877716	0.572966185569915
SEC61A1	16.4150630043275	0.032893635716678	0.07772345341583	0.233635541867491	0.57414691671692
ARF1	22.7467230094225	0.0444398581341454	0.0741588330651245	0.239898403095118	0.583698842569912
SSR3	55.856736864828	0.0417735295454019	0.0756029554853706	0.240049307550397	0.583698842569912
MT-ND4L	358.035808870388	-0.0371411015847397	0.077817994783373	0.244576922604655	0.591594441064664
RPL7	53.3324960364739	-0.0463256643797659	0.0700277110723467	0.247672470527791	0.593267101479218
LDHB	22.2891678318816	0.0418902281905459	0.0743995591281777	0.247836689578981	0.593267101479218
RPL22L1	25.5105555374479	0.0394305456869173	0.0748995849635588	0.257214785800386	0.593613454376283
CD74	183.825465260411	0.0337369690779155	0.0770898069788703	0.25299724822552	0.593613454376283
RACK1	97.4666799474012	-0.045197928497469	0.0697310560802922	0.254473934060756	0.593613454376283
TUBB	22.1180001422105	-0.0156759940504332	0.0751190370278608	0.258260398981889	0.593613454376283
MTDH	33.6328063499624	0.0416440500482523	0.0752980882373289	0.251078785215305	0.593613454376283
GSTP1	30.7439401267415	0.0334693922277236	0.0767865754160127	0.257446737711696	0.593613454376283
TUBA1B	38.1164445463324	-0.0150350113956563	0.0750753199047035	0.249298314504423	0.593613454376283
HNRNPC	16.7483984140764	-0.0393212299687663	0.0752097734794272	0.256185795507582	0.593613454376283
HCLS1	13.7719203376959	-0.0318915908803753	0.0769134864375378	0.259698504779779	0.593963906971573
PTPRC	15.0882367486121	0.0337394774576925	0.0761665537494979	0.263248744042429	0.599117831268977
TAPBP	13.5034531883664	0.031135529921834	0.0765558064779481	0.265700065469313	0.601732501209915
TXNIP	17.60045958749	0.0213942000513949	0.0757480029926022	0.267483302535201	0.602816028152502
HDLBP	15.3671799668992	0.0245891573810213	0.0758572937377164	0.278185960937473	0.615815061834918
H2AFZ	33.0001287390416	-0.0233891344076881	0.0757586179666867	0.278583004163415	0.615815061834918
UCP2	18.6495455721924	0.0288022016616536	0.0761518530932662	0.276777794615544	0.615815061834918
LIMD2	23.9826452101884	0.0348152376910514	0.0754430800270349	0.277265489775713	0.615815061834918
PDIA3	35.558475220751	0.0320543986673874	0.0752092890457849	0.280966269746667	0.618125793442668
LDHA	27.0886921900108	0.0291898267821281	0.0757843423715392	0.285655463195077	0.619973161816226
FAU	121.697849120252	-0.0419578771390918	0.0598623711580061	0.287173715646477	0.619973161816226
PEBP1	31.771135028192	0.0345042817253591	0.0752870831222693	0.283235243460294	0.619973161816226
PSMB6	14.7663688196751	-0.0396283209464523	0.0756352980494287	0.28622303882174	0.619973161816226
UBE2J1	61.2681547389998	0.0416719978865847	0.0649539455339098	0.289696129794231	0.622215651296023
TMSB4X	163.418384440541	-0.0322387523322606	0.0750853211861573	0.292016327741661	0.622215651296023
PGK1	16.0771964735509	0.0332242116046019	0.0745096455686522	0.294325954818042	0.622215651296023
FTH1	67.8292242370983	-0.0373817203963492	0.0718539369038346	0.297008744925149	0.622215651296023
HNRNPA1	40.9569651378877	-0.0372433601743869	0.0720543356322658	0.297639954407838	0.622215651296023
SLC25A3	23.3453287704364	0.0364846876714038	0.0735459983113243	0.29675594739631	0.622215651296023
RPS27L	18.6824298805536	-0.0348365342330546	0.0736783950960064	0.295822616565902	0.622215651296023
CD48	14.2001151458743	-0.0252139174897928	0.0753502618987186	0.301159145143587	0.622458346659347
NDUFA4	27.3829541211682	0.0355603222924419	0.0721973233121277	0.303145298697734	0.622458346659347
CYBA	113.197907941988	0.038370862319386	0.0705161817265167	0.302743059138788	0.622458346659347
MT-CO3	634.786640657632	-0.0300354714599948	0.0746964836296664	0.300258932968063	0.622458346659347
DBI	13.7126045519502	-0.0319419830679444	0.0743682966737594	0.305357261717251	0.624225906696326
PLPP5	14.2566781219455	0.0257675422348735	0.0750016583393379	0.309459846449683	0.628528062370575
DYNLL1	20.0824295732052	0.0341846289355158	0.0731137816102096	0.310182680130933	0.628528062370575
CDK2AP2	15.6768968196812	0.0308699531657738	0.0743202237202262	0.313370712233574	0.632215148698302
SUB1	161.909227327402	-0.0394520394218756	0.0648906055787267	0.316017704181622	0.634783388399606
SNRPG	17.8101852232854	-0.0267836310209757	0.0747564556531624	0.318593833093245	0.63718766618649
HLA-B	248.406642196162	0.0263928123051696	0.0724911671069591	0.330298480803233	0.649352082926454
ACTB	225.887997501366	0.0263839027202417	0.0743909946293792	0.330807471074716	0.649352082926454
PKM	15.8193818949167	0.0291869306553971	0.0741073849041174	0.330616622521005	0.649352082926454
ELOB	23.2194662498305	-0.037018329909421	0.066583343249494	0.329876079328423	0.649352082926454
LGALS1	53.4156284575598	0.0250973153953877	0.0740896317751615	0.331703661408319	0.649352082926454
TCEA1	14.5230470164003	0.0315938952270646	0.072236594223679	0.336213859642294	0.655404232720421
PSMB9	16.6122907705598	0.0298575075070604	0.0729784403557453	0.338310224656072	0.656719847861786
TMEM59	18.0935581337006	0.0299565958297805	0.0726038986470055	0.345946711919245	0.667161899988783
PSMA7	15.3717509749497	-0.0318489299996781	0.0715975989544762	0.346577610383783	0.667161899988783
CYCS	17.1352052613784	-0.02918929047902	0.072490535722797	0.350240994885294	0.667178157804775
CD27	23.2035573441986	0.0202443612653532	0.0744352634301306	0.350900092931751	0.667178157804775
RPLP0	246.539228032068	-0.0365161731272204	0.0612234566436536	0.350918381702512	0.667178157804775
ATP5F1E	57.5420433741537	0.0348017843962366	0.0647490062922109	0.353007410023434	0.668399276355846
TENT5C	16.0480674973308	0.0241471580357558	0.0737719882068814	0.357916181541676	0.672184048261197
PDIA4	48.0912859584102	0.025286693573419	0.0733439541238848	0.357847824687563	0.672184048261197
NPM1	44.5349404583334	-0.0301389043096161	0.0713858470631571	0.364225295835054	0.675791512754198
MLEC	14.5554759004241	0.025842969917416	0.0732420996355064	0.363615171248711	0.675791512754198
COX5A	27.6099350713274	0.035199079232391	0.0624573664948696	0.363734433659338	0.675791512754198
EIF5A	19.8145707552736	0.0287270892174726	0.0716644608209064	0.36648578513848	0.677265730935911
RPS7	170.676615355292	-0.0338580249348084	0.0530576046746418	0.377520096718334	0.683977586995571
RHOA	20.2816859652725	0.0289033636453807	0.0709476654288955	0.37496901295932	0.683977586995571
SEC61G	55.0794188346532	0.029477491918743	0.0699164026029091	0.376095035813693	0.683977586995571
TPI1	22.8039181056159	0.0270296338658104	0.0725012980945225	0.376791613481806	0.683977586995571
TMED2	19.6008547506908	0.0289421013564772	0.0709635861850701	0.373622721798735	0.683977586995571
EIF1	67.1322136083437	-0.031548959031076	0.0668587008980295	0.379672936777328	0.685191003090334
HNRNPA3	17.4640163993105	-0.0276047182713966	0.0705598314661609	0.392661113355066	0.692402421259697
RPSA	97.5153893867729	-0.0333336753577649	0.0606547421768486	0.388242444714778	0.692402421259697
SLC25A5	28.2701188282313	-0.0236134304150663	0.0728380918600644	0.390093438253946	0.692402421259697
TMEM258	47.9858222282574	-0.031534720889258	0.0656522562460143	0.388342020773101	0.692402421259697
IGHV4-39	235.605406639996	0.00151229471287913	0.0738925053752505	0.392595951968859	0.692402421259697
COX6B1	35.9137462488799	-0.0319700309634992	0.0657940399221327	0.386730526902937	0.692402421259697
COX6C	33.9291945440254	-0.0305108260403686	0.0668139735564122	0.395971952711544	0.69558571160735
PTMA	164.058603844052	-0.0262914490044297	0.0712633081293918	0.400751504259164	0.701315132453538
CALR	81.2258864476114	-0.0249809517019487	0.0717328113226957	0.403193820795034	0.702926585687945
H3F3A	80.4998315809823	-0.0311211680568935	0.0644506352667525	0.406473813460504	0.705980833905086
HSP90AB1	31.0792481373471	-0.0220818315882701	0.0719796595125281	0.420929569245018	0.728350041165537
RPL19	191.81947716921	0.0303227235778121	0.0507785919732984	0.425018239606622	0.732680696635296
GAPDH	189.360792849956	0.0253258191826801	0.0705343654006604	0.426831296143213	0.733070850625147
TMSB10	458.48032626029	-0.0218944357762352	0.0714195220275297	0.434821891961912	0.742139973433583
IGHV3-7	264.110775638615	0.00330265749397689	0.0739820949823972	0.435324529871214	0.742139973433583
EDF1	29.78607330734	0.0286173350965126	0.0628016635799123	0.437234523043067	0.742655697227563
SEC61B	79.2135310844207	0.0287553084906448	0.057496643537184	0.44237213678308	0.745897544502857
UBB	27.7329472434477	-0.0251042942735845	0.0689523177023368	0.441469173104366	0.745897544502857
JUN	18.2316461819992	0.00975929598043619	0.0737752713909376	0.446733807793228	0.750512797092624
COTL1	19.7826591665952	0.0202330219082699	0.0720257963179773	0.448629505592426	0.750966781100365
ATP5PF	24.1294248091765	-0.0267325018177116	0.0658429461766573	0.455597116094208	0.759876778467596
HMGN1	14.1819287620943	-0.0237405164290869	0.0693451681190463	0.457268679507244	0.759921330691895
HNRNPDL	15.1403171710102	0.023932011637521	0.0688713487144673	0.458935968234773	0.759958485033924
RPL30	143.766659719536	-0.0279439675186662	0.0572951960171602	0.465182519821486	0.765720348160507
RPL7A	198.629082602257	0.0269591597550831	0.0474875616057606	0.465730341630092	0.765720348160507
PDIA6	51.1842868495591	0.020925366665564	0.0708730897983719	0.469747090945295	0.768522030653314
GMFG	19.1042687266833	0.0232175664926094	0.0688095745284812	0.470761330465125	0.768522030653314
RPL8	158.426674773932	0.0273275250889956	0.0555872078625802	0.480475587330436	0.781435109808454
TNFRSF17	35.9682134590231	-0.0230307659743144	0.0685517380471676	0.48205412618054	0.781435109808454
PRELID1	19.5298627733368	0.0237285037522304	0.0665490459708307	0.487354581900584	0.782168144159057
ITGB7	17.4656171184044	0.0217508225881068	0.0693451699064748	0.484591952613578	0.782168144159057
RPL18	159.935123757309	-0.026380240459998	0.0534617544112224	0.487585336618633	0.782168144159057
HLA-C	145.779675207494	0.0172330167339147	0.0715573120781974	0.495663472325609	0.786437392295054
RPL10A	81.093784965157	-0.0256776072238203	0.0550702492644865	0.49705566785748	0.786437392295054
EMP3	28.8532815003118	0.0213206345334013	0.0684061572583392	0.495087720357902	0.786437392295054
MT-ATP6	466.665042251563	-0.0163704789987622	0.0707008879233236	0.493157112951841	0.786437392295054
EEF1D	41.2963922290439	0.0254019499485986	0.0606291545529661	0.499283688044697	0.78726642961314
IGHA2	227.369817785453	-0.00577038398039584	0.0738203549491468	0.501107061746274	0.787453954172715
PPIA	116.553325705659	-0.0259382043686926	0.0641261405556396	0.503891636117742	0.789145545377617
SEC13	14.3668294528595	0.0202548745173032	0.0689232026398508	0.511588184636734	0.798492369264091
DAD1	36.6795455987537	0.022300278811055	0.0652840883976668	0.519010584705397	0.806171931219741
GABARAP	16.8819746810931	0.0201996868997028	0.0682424373928884	0.519998345245634	0.806171931219741
AURKAIP1	13.4349970241811	0.0219526571716473	0.0666753148683784	0.52299579038851	0.806431734297212
NACA	81.3145415740304	0.0243788470848704	0.057970229501741	0.523656970322865	0.806431734297212
IGLC2	210.185214168929	-0.00550350150650513	0.073752464120164	0.531279939202991	0.815452929939475
ATP5MC3	36.491580986452	0.0216144622423602	0.0639179196162776	0.540918335178154	0.827497585603666
CANX	25.3673670708838	0.0180406766951843	0.0689689729244866	0.542928366143589	0.827831370159532
RPS13	183.769726087476	-0.0223686653649287	0.0574269909865721	0.550937865224253	0.829682205548291
ATP5F1B	25.2424842681077	-0.0202541674800993	0.0659680303055825	0.546874533848165	0.829682205548291
TMED10	27.4316816807046	0.0173531466737144	0.0691250948913849	0.551325621435769	0.829682205548291
PPIB	287.863545585235	0.0211825079765139	0.0629931967942771	0.550537455713138	0.829682205548291
HSPD1	19.0871341231042	0.0141612922920569	0.0711206374207532	0.559778924482392	0.831568691674808
HLA-E	36.4600683333453	0.0203660005536039	0.0646526626564572	0.559338213679046	0.831568691674808
IGHM	195.737217035901	-0.00304366168519244	0.0738680708892265	0.558630142010259	0.831568691674808
MYL12A	23.1250895543042	-0.017058909064349	0.069131914366624	0.558297364397892	0.831568691674808
WDR83OS	16.1157748741726	0.019684683152301	0.0653406282677156	0.561916095874286	0.832068065044615
ATP6V0B	16.9797289890846	0.0159955851603699	0.0695886700727896	0.567105997679998	0.833859093466294
SERP1	47.1882099707128	0.0192793542322524	0.065238009633472	0.567493918092631	0.833859093466294
RPS5	121.060366591296	0.0214181591954521	0.0531998873927647	0.568540290999746	0.833859093466294
RPL11	185.627875232844	-0.0206632193307262	0.0520143364064582	0.582898494449274	0.834477900227987
RPS27A	162.799361838764	-0.0210362385353187	0.0527944840958046	0.577061136223474	0.834477900227987
IGKV3-20	1377.02584447131	0.00287691684330877	0.0739089510540321	0.57881342773513	0.834477900227987
UQCRQ	27.4620720558616	-0.0196004820172011	0.0628486245704571	0.581369452944471	0.834477900227987
TRAM1	22.3593731171375	0.0164194162414497	0.0684752126465921	0.580860235379483	0.834477900227987
PSME2	37.4441997776031	0.017516505079007	0.0678688060921405	0.571934192899633	0.834477900227987
RPL17	16.4247148499865	-0.0162838045720631	0.0685180145607247	0.576877932219541	0.834477900227987
RPL18A	198.562937203939	-0.020226715855804	0.052859736013806	0.583412038471082	0.834477900227987
NCL	25.140711875679	-0.0156019108451279	0.0683763405015994	0.596311481560195	0.838298341253934
TMED9	27.1070956240864	-0.0157843379000896	0.0682238213435148	0.594148974369082	0.838298341253934
YWHAZ	20.9617076345486	0.0148540658482786	0.0694256820593857	0.595065805007852	0.838298341253934
SELENOH	13.9719473879053	-0.0171237611524875	0.0635875642392185	0.590911359770019	0.838298341253934
COX8A	21.2464746919176	-0.0174671044887701	0.066783953979962	0.58938526090143	0.838298341253934
ACTG1	112.097913562046	0.0142374373834755	0.0698672109487965	0.596970030892953	0.838298341253934
PGAM1	14.2695735916302	-0.0145583062018173	0.069508297854314	0.600714885151764	0.838460051178594
IGHV3-21	293.328296401762	0.00221862897755029	0.0739285821926537	0.599626560064802	0.838460051178594
NCF1	18.2966884296471	-0.0139536443749432	0.0696846441673697	0.605725835529893	0.840471335165587
TRMT112	16.3309479614645	0.0148913361127705	0.0684806724174976	0.605794274047923	0.840471335165587
ARHGDIA	13.2718667014537	0.0174564312473832	0.0647183520458873	0.607877211303826	0.840836142581939
TXNDC11	19.7672604295759	0.013701008762016	0.0695326229969537	0.613451519890682	0.846013737879089
DERL1	14.5593083078379	0.0108062253736911	0.0710771168100519	0.620415206392637	0.847268788732322
FKBP11	49.2761046079736	0.0119145299261559	0.0706415193921409	0.622881710973712	0.847268788732322
IGHV3-23	465.340511289946	-0.00252398297481668	0.0739373414089417	0.6218083390284	0.847268788732322
RABAC1	17.9942267681007	-0.0128578938379292	0.0698615431789886	0.61907607119708	0.847268788732322
IGLL5	58.6984862185301	0.00792905390420914	0.0727669915694053	0.623531143222921	0.847268788732322
IGHV3-30	212.420216377612	-0.00189351633140297	0.0739191645534947	0.630485147153669	0.851708005804079
MT-CO1	832.782823101615	0.0150480225197999	0.0672330500667596	0.628844995421112	0.851708005804079
ARHGDIB	42.1072135587383	-0.0130480944161895	0.0691229701793308	0.636897741232471	0.85786226370088
EAF2	16.1229030214238	0.0120817783258474	0.0692125888936281	0.658406473724072	0.870606354331022
RPN1	34.7884069139541	0.0125820635091048	0.0678821461687974	0.658157251957312	0.870606354331022
IRF4	18.9606133961906	-0.00865445496221731	0.0720712843489171	0.651849123328451	0.870606354331022
SLC25A6	34.9846593911652	-0.0147245246534335	0.0656986950807595	0.651063306558368	0.870606354331022
SRSF2	14.154631805596	0.0119076601544878	0.0697002419346541	0.652521284259011	0.870606354331022
SMCHD1	14.7228829004753	-0.0129962818229952	0.0679943174480182	0.658109428916756	0.870606354331022
MT-CYB	427.464850028951	-0.0119701042015057	0.0680298763553416	0.659550268432592	0.870606354331022
RPL4	61.629003478955	-0.0162392133418564	0.0574564676594916	0.665192088832835	0.875551980173133
SSR4	128.709689492551	0.0112119728719323	0.0694602637908801	0.670044859791456	0.876942564372954
SEC11C	78.4885158477702	-0.0120408993140089	0.0684483385316646	0.669184018447263	0.876942564372954
COX6A1	44.4234309678838	0.014277991297289	0.0636846582869838	0.675531195308053	0.881625458283391
IGKV3-15	1017.75552641614	-0.00146896220000855	0.0739246334131662	0.680638959196297	0.88378485272641
CD38	27.3760378589928	0.0105771328112088	0.0695417467511825	0.682924658924953	0.88378485272641
EIF3K	27.2304357953401	-0.0145006357381068	0.0614312067711351	0.682627413768308	0.88378485272641
CRIP1	17.8823726725315	-0.0049541476912063	0.0731178491681964	0.685418767412768	0.88453483392374
SET	15.1949159660747	-0.0106769517327194	0.0690580584032547	0.688371330466756	0.885870625837441
UBE2D2	15.1036433804772	0.0128889367813146	0.0645122561509529	0.695466550419785	0.892515406372057
PARK7	15.7921386336692	0.0124274481236889	0.0635308171113162	0.714178535073975	0.904709056013122
S100A10	40.0544397243399	0.00732881325557492	0.0711661880896245	0.727380329898847	0.904709056013122
JTB	14.9527220702054	0.0114531385296951	0.0632104030912489	0.723115426326257	0.904709056013122
OST4	45.5841020227958	0.0125964423040574	0.062097181310327	0.713676378337801	0.904709056013122
JCHAIN	1525.91496536084	0.00884649080874165	0.0700704657490622	0.713974294687335	0.904709056013122
REEP5	14.896134254012	0.0114982604587768	0.0653190808992897	0.710239135333194	0.904709056013122
HNRNPK	17.680637677664	0.0120349658561011	0.0633331313185936	0.722052311936124	0.904709056013122
PPA1	13.3459327571522	0.0100317757394464	0.0676487919774544	0.728467032114462	0.904709056013122
CTSH	13.2754173949131	-0.0085770360803699	0.07033647589396	0.717520870966815	0.904709056013122
TOP1	13.9522404172995	-0.00911078668544267	0.0692363588760157	0.72597319267162	0.904709056013122
OAZ1	48.2867494153188	0.0125223366445358	0.060220463055766	0.727003685740179	0.904709056013122
MT-ND5	191.383475961549	0.00983568431884645	0.0679320618800499	0.725289234187345	0.904709056013122
H1FX	14.6050179681145	-0.00607655515769057	0.0721079974942301	0.730940423076012	0.905347119198707
NDUFB4	16.7786443805072	0.0114566346365855	0.062961933374541	0.736945929144333	0.906027008861068
PABPC1	39.224912399162	0.00883406360806664	0.0624308505957546	0.735560353271108	0.906027008861068
RPN2	34.1448396111797	0.00821487063035374	0.069968493307945	0.737372630588229	0.906027008861068
MANF	31.0749243504169	-0.00941590960343045	0.0676839503424288	0.741738590611452	0.908974081863371
RPL5	108.244241870697	0.0117351517332497	0.0570129077502977	0.751689026829993	0.909329390754666
PARP1	13.5054623433838	-0.00945723987802881	0.0668376488870256	0.753838001426487	0.909329390754666
HLA-DPA1	15.2117981829513	0.00739039372899999	0.0701849432200938	0.751316240385126	0.909329390754666
CALM1	28.8298549147781	0.00984288791039681	0.0657887216132784	0.752945426206047	0.909329390754666
ATP5MC1	15.1767036635124	0.00832002092680948	0.0691784033222636	0.747573253740437	0.909329390754666
CHCHD10	15.4474120258592	-0.00835585021986231	0.0687095076251152	0.751371813715175	0.909329390754666
COX7A2	37.4654566924897	-0.0107586576978618	0.0608250648177059	0.759605910258946	0.913900860780294
VCP	18.327599966385	-0.00814633679164596	0.0669392462016674	0.768823082905485	0.92149080801053
ATP5F1A	24.5864652969588	0.0106167205862637	0.0589732433687856	0.769903575523949	0.92149080801053
PSMB3	18.2420773717931	0.00890557310880574	0.0653011953818523	0.773865923750109	0.923839939980751
PRDX1	29.4255184312248	0.00816009437705004	0.0647651291821738	0.801425018318022	0.935215198667524
UQCRH	44.6880660268889	-0.00960822967578271	0.0582548084590102	0.786793873818382	0.935215198667524
SSR2	39.1503676904746	0.00922248485917045	0.0612867895154424	0.793766606147739	0.935215198667524
CUTA	19.6345228875645	0.00812911453844809	0.0641247474384383	0.798420733216704	0.935215198667524
EIF3F	19.0442928680208	0.00800181326456127	0.0652315527545652	0.803637302751097	0.935215198667524
FKBP2	24.149801641463	0.0071962048429787	0.0674352802051029	0.797811700874691	0.935215198667524
SRP14	25.7754893556246	-0.00891945196686337	0.0586850428975123	0.803043481245751	0.935215198667524
C1QBP	13.2559982615625	-0.00718652877233655	0.0679222380466449	0.794690285691288	0.935215198667524
RPS16	116.801560487744	-0.00954243768523095	0.0515933076404622	0.797344263349227	0.935215198667524
SNRPD2	26.0672326836666	-0.00924382240390438	0.0616539678838766	0.789895444370346	0.935215198667524
RBM3	19.4072736432204	0.00807986851427462	0.0634241106492055	0.809354104762457	0.939501498493103
SEL1L3	14.4178906721227	0.00609554317523414	0.0688417132814797	0.815164420353676	0.943874591988467
SELENOS	20.6613275105456	0.00621627046775843	0.067983396496569	0.819580161126296	0.946615086100872
IGHG1	175.009708501352	0.017346192542753	0.0766589538035908	0.831688360218389	0.953449187148625
NOP10	14.213726607982	0.00689043098445706	0.064590559520239	0.829577024069161	0.953449187148625
NDUFB7	13.5006007978038	0.00712641378603503	0.0632206614552319	0.830078462179288	0.953449187148625
UBC	39.965779473674	0.00647406783856868	0.0648698145313824	0.836088039674942	0.956120481014413
LMAN2	27.3966555831847	0.00647530531890481	0.0644319727059055	0.839715858414171	0.957374798184764
POU2AF1	23.1638086423342	0.00546978588044329	0.0681577895503092	0.841329368101762	0.957374798184764
ENO1	17.8963808576383	-0.00482986103281271	0.0675623175829461	0.861801405399408	0.957926091371671
MZT2B	16.1897628771547	-0.00547696151622741	0.0665416680246564	0.85129812738364	0.957926091371671
UBXN4	16.2721852813522	0.00648473862814847	0.0647132773843172	0.844702836568095	0.957926091371671
RPL15	118.084252741737	0.00670146099260091	0.0501814072970557	0.860703176852143	0.957926091371671
SELENOK	18.1873758890514	-0.00386247173268599	0.068453742862987	0.85828637862682	0.957926091371671
RAN	30.2205798024544	-0.00482636183101402	0.068086479497031	0.858389507985824	0.957926091371671
ERH	17.1716762896695	0.00630616938566236	0.0625086745765663	0.851729089363961	0.957926091371671
CORO1A	41.5095734039486	-0.00474729475594648	0.0679974811991876	0.860804135606806	0.957926091371671
COPE	24.0595374632565	-0.00574658290640092	0.0644597140686255	0.856131000980951	0.957926091371671
SDF2L1	41.0785763508169	0.00488719945994358	0.0678324184317393	0.862548168854145	0.957926091371671
KRTCAP2	26.3742477050915	-0.00516595618815949	0.0650591753545403	0.866771033152909	0.960307475579482
DDOST	35.1108307338515	0.00382424456323704	0.0664440902150533	0.89433510457409	0.961076922594678
RPS8	274.0338536569	0.0055290015909178	0.0518104581156228	0.887288238277847	0.961076922594678
IGKC	1107.82343126205	-0.00175844129322321	0.0728430453483071	0.898273575082016	0.961076922594678
HIST1H1E	13.9638034081975	-0.00168252990566109	0.0729599166620742	0.89109199029926	0.961076922594678
PSMB1	18.5132162552328	-0.0044079067578904	0.0640913105873973	0.889538372779903	0.961076922594678
RPL12	139.364705255244	-0.00433415776357873	0.0612332545992206	0.8986693302184	0.961076922594678
ISCU	14.0068557047543	0.00481217279725091	0.0660479670137584	0.874498379097742	0.961076922594678
POMP	16.3004021996789	0.00466724949321765	0.0650862806913237	0.881445821761763	0.961076922594678
RRBP1	17.7932097166546	-0.00272022796403377	0.0704257131502199	0.896743103401916	0.961076922594678
UQCR11	15.2118252819915	0.00404833305212262	0.064151982974998	0.889636477937619	0.961076922594678
KLF2	19.539277456982	0.00371585487995778	0.0694363177451094	0.878713632700229	0.961076922594678
CD79A	45.6083821407416	0.00290449061779906	0.0710240455424832	0.885753646163731	0.961076922594678
RPL28	263.01259864273	-0.00517154639450141	0.0591145955022978	0.876188272721825	0.961076922594678
MIF	64.3025397300544	-0.00568954430523936	0.0565049173334164	0.874972206776437	0.961076922594678
MT-ND1	154.509603573123	-0.0037588979086458	0.067443664353009	0.895490961109274	0.961076922594678
RPS4X	258.169075161903	-0.00423821874875686	0.048159907919673	0.907935971363165	0.967299746126786
SPCS2	45.4828190042632	0.00400144993522306	0.0608461141270328	0.909122306452512	0.967299746126786
MT-ND6	62.8476119868847	0.00234342414543259	0.0686370336224467	0.910769241483013	0.967299746126786
MALAT1	630.963464635825	0.00275356000388035	0.0686836994964416	0.921030162042849	0.974643813265573
EEF2	70.4653796830664	-0.0027385471521208	0.0611866972494588	0.921903347179773	0.974643813265573
NDUFS5	17.8225343557662	0.00253642797500193	0.0643589690944298	0.936376186718716	0.977973064901886
DNAJB11	16.4954895746877	-0.0022934845912894	0.0678615695764037	0.932078208132888	0.977973064901886
HINT1	40.0741576127778	-0.00311027849467256	0.0575203677737818	0.934175508901308	0.977973064901886
NEAT1	24.6590339062845	0.00162738308398598	0.0712163139781147	0.932300208962849	0.977973064901886
PPP1CA	14.8092309442228	0.00262188605183568	0.0633125906051968	0.936724654070417	0.977973064901886
SERF2	84.9169197918499	0.00291051223472806	0.0551263070523146	0.937753393401592	0.977973064901886
YBX1	44.3061130453864	0.00212471396571652	0.0661425870693179	0.943950339864685	0.981296840033632
NDUFB11	25.8474665728265	0.00279595027042302	0.0633075613442037	0.945188514751009	0.981296840033632
HSPA8	43.0323314787667	0.00149209204401179	0.0683217366507566	0.951659565500616	0.983594450248959
SNU13	15.4451432617742	-0.00192623797344382	0.0645080895511016	0.950368019479337	0.983594450248959
ITGA4	16.9207496587087	0.00114472432915035	0.0694109337528923	0.958708840497804	0.984274409577745
RPL14	110.901943667359	-0.00214479343431321	0.0542578477745426	0.957145290016287	0.984274409577745
DERL3	56.7812130858897	-0.00127745552556377	0.0694690647813411	0.957893250965866	0.984274409577745
PTGES3	13.617033682319	0.00132756902040592	0.0650432584808539	0.966195823340908	0.988234032662301
SUMO2	20.7683953365455	-0.00124188492269393	0.0638227744516574	0.968612597456884	0.988234032662301
YWHAB	23.0709379715726	-0.00132662679246162	0.0627587915146811	0.970153829496527	0.988234032662301
MT-ND4	100.469121225089	0.000631680312608255	0.0694934305528743	0.971121755040443	0.988234032662301
BTF3	44.2001291471058	-0.000980900492178325	0.0622607264127271	0.976413674334475	0.989261222680981
ISG20	56.806319388581	0.000988533870411325	0.0645718951915337	0.975081073855991	0.989261222680981
S100A6	43.3684091531794	0.000340135465098265	0.0717111235312845	0.985501711451022	0.993412542103732
DDX5	23.7447572875563	-0.000494898721518955	0.0633352651209281	0.985818279379423	0.993412542103732
MT-CO2	1086.3187856229	0.00212370957372317	0.0669626510850596	0.98696181131085	0.993412542103732
IGLV1-47	751.116321228835	2.25233851599308e-05	0.0739021779488693	0.989356980464018	0.993658532552992
ATP5MC2	34.4906077727399	0.000107063349910383	0.0563194819469895	0.997410056474738	0.997410056474738
FTL	104.294132859162	-0.000141081670114813	0.0642270773530009	0.997236373306853	0.997410056474738
